1621790337.2549715, 0.032, 0.933, 0.043
1621790337.2563999, -0.03, 0.939, -0.033
1621790337.2580347, -0.139, 0.891, 0.048
1621790337.2594619, -0.107, 0.881, 0.111
1621790337.2608457, -0.049, 0.912, 0.113
1621790337.262221, -0.057, 0.943, -0.013
1621790337.2636333, -0.1, 0.91, -0.004
1621790337.265049, -0.067, 0.89, 0.078
1621790337.2664526, -0.034, 0.927, 0.077
1621790337.2678237, -0.052, 0.94, 0.024
1621790337.2691934, -0.1, 0.9, 0.027
1621790337.2705817, -0.083, 0.882, 0.058
1621790337.2719643, -0.06, 0.921, 0.066
1621790337.273356, -0.086, 0.945, 0.033
1621790337.2753906, -0.089, 0.902, 0.019
1621790337.2768009, -0.062, 0.911, 0.066
1621790337.2782018, -0.05, 0.926, 0.044
1621790337.2796304, -0.047, 0.928, 0.031
1621790337.2810278, -0.098, 0.895, 0.042
1621790337.2824395, -0.118, 0.906, 0.071
1621790337.2840505, -0.06, 0.931, 0.075
1621790337.285453, -0.05, 0.918, 0.038
1621790337.286847, -0.063, 0.903, 0.044
1621790337.2882462, -0.06, 0.904, 0.043
1621790337.2896338, -0.07, 0.924, 0.029
1621790337.291023, -0.101, 0.926, 0.037
1621790337.2931144, -0.113, 0.894, 0.076
1621790337.2945147, -0.057, 0.898, 0.099
1621790337.2959206, -0.031, 0.927, 0.022
1621790337.2973044, -0.069, 0.925, 0.007
1621790337.2986915, -0.084, 0.908, 0.064
1621790337.3000734, -0.079, 0.905, 0.059
1621790337.3014364, -0.079, 0.921, 0.062
1621790337.3027954, -0.077, 0.912, 0.044
1621790337.3041546, -0.059, 0.898, 0.062
1621790337.3055184, -0.068, 0.913, 0.047
1621790337.3068109, -0.087, 0.923, 0.022
1621790337.307719, -0.095, 0.93, 0.039
1621790337.3086283, -0.097, 0.91, 0.07
1621790337.3095348, -0.074, 0.907, 0.082
1621790337.3104408, -0.068, 0.902, 0.091
1621790337.3113472, -0.068, 0.902, 0.091
1621790337.3122518, -0.07, 0.909, 0.052
1621790337.3131576, -0.057, 0.925, 0.042
1621790337.3140633, -0.06, 0.919, 0.029
1621790337.314973, -0.078, 0.917, 0.025
1621790337.3158793, -0.088, 0.914, 0.041
1621790337.3167856, -0.096, 0.915, 0.025
1621790337.3176918, -0.077, 0.916, 0.051
1621790337.3185973, -0.045, 0.909, 0.048
1621790337.3195024, -0.048, 0.913, 0.049
1621790337.320408, -0.066, 0.916, 0.049
1621790337.321314, -0.089, 0.909, 0.014
1621790337.32222, -0.089, 0.909, 0.014
1621790337.3231263, -0.085, 0.914, 0.038
1621790337.3240323, -0.065, 0.912, 0.023
1621790337.3249397, -0.073, 0.916, 0.034
1621790337.3258448, -0.079, 0.913, 0.046
1621790337.3267508, -0.078, 0.911, 0.037
1621790337.3276575, -0.077, 0.912, 0.069
1621790337.3285632, -0.06, 0.905, 0.058
1621790337.3294687, -0.069, 0.916, 0.069
1621790337.3303745, -0.093, 0.926, 0.054
1621790337.3312798, -0.091, 0.922, 0.031
1621790337.3321853, -0.078, 0.913, 0.053
1621790337.3330903, -0.078, 0.913, 0.053
1621790337.3339956, -0.055, 0.901, 0.041
1621790337.3349168, -0.056, 0.907, 0.045
1621790337.335827, -0.076, 0.915, 0.043
1621790337.3367352, -0.08, 0.913, 0.03
1621790337.337643, -0.079, 0.913, 0.055
1621790337.3385503, -0.073, 0.906, 0.045
1621790337.3394573, -0.08, 0.917, 0.054
1621790337.3403661, -0.084, 0.924, 0.052
1621790337.3412738, -0.077, 0.916, 0.031
1621790337.3421814, -0.051, 0.912, 0.058
1621790337.343089, -0.032, 0.901, 0.043
1621790337.3439965, -0.032, 0.901, 0.043
1621790337.3449051, -0.047, 0.91, 0.041
1621790337.3458116, -0.073, 0.917, 0.041
1621790337.3467185, -0.103, 0.915, 0.014
1621790337.3476264, -0.1, 0.912, 0.03
1621790337.3485348, -0.092, 0.899, 0.035
1621790337.3494425, -0.09, 0.905, 0.053
1621790337.3503497, -0.08, 0.918, 0.082
1621790337.3512576, -0.068, 0.919, 0.067
1621790337.3521652, -0.047, 0.92, 0.054
1621790337.3530722, -0.03, 0.917, 0.03
1621790337.3539796, -0.04, 0.917, 0.016
1621790337.3548894, -0.04, 0.917, 0.016
1621790337.3564188, -0.115, 0.915, 0.03
1621790337.3573565, -0.13, 0.91, 0.054
1621790337.358267, -0.091, 0.898, 0.079
1621790337.3591766, -0.053, 0.905, 0.077
1621790337.360085, -0.031, 0.925, 0.075
1621790337.3609927, -0.044, 0.923, 0.05
1621790337.3619008, -0.069, 0.928, 0.027
1621790337.3628254, -0.069, 0.928, 0.027
1621790337.363733, -0.076, 0.911, 0.023
1621790337.3646412, -0.065, 0.902, 0.01
1621790337.3655488, -0.068, 0.91, 0.034
1621790337.3664565, -0.083, 0.907, 0.051
1621790337.3673627, -0.095, 0.911, 0.048
1621790337.3682702, -0.093, 0.903, 0.068
1621790337.3691769, -0.076, 0.895, 0.064
1621790337.3700836, -0.07, 0.907, 0.058
1621790337.3709893, -0.084, 0.927, 0.062
1621790337.3718965, -0.089, 0.931, 0.047
1621790337.372815, -0.08, 0.924, 0.042
1621790337.3737218, -0.08, 0.924, 0.042
1621790337.374631, -0.05, 0.904, 0.029
1621790337.3755367, -0.035, 0.902, 0.019
1621790337.3764434, -0.043, 0.917, 0.04
1621790337.37735, -0.084, 0.917, 0.04
1621790337.3782566, -0.117, 0.92, 0.032
1621790337.3791637, -0.111, 0.902, 0.024
1621790337.3800704, -0.087, 0.891, 0.02
1621790337.3809772, -0.053, 0.902, 0.039
1621790337.381884, -0.061, 0.908, 0.05
1621790337.3827906, -0.059, 0.921, 0.054
1621790337.383697, -0.057, 0.921, 0.069
1621790337.3846052, -0.057, 0.921, 0.069
1621790337.3855107, -0.032, 0.898, 0.057
1621790337.3864179, -0.039, 0.91, 0.031
1621790337.3873243, -0.072, 0.933, 0.039
1621790337.3882308, -0.12, 0.936, 0.053
1621790337.389138, -0.138, 0.928, 0.067
1621790337.3900478, -0.096, 0.906, 0.08
1621790337.390955, -0.036, 0.896, 0.073
1621790337.3918612, -0.006, 0.911, 0.041
1621790337.392768, -0.057, 0.927, 0.035
1621790337.3936746, -0.098, 0.927, 0.045
1621790337.3945968, -0.113, 0.91, 0.062
1621790337.3955042, -0.113, 0.91, 0.062
1621790337.396411, -0.083, 0.891, 0.065
1621790337.3973176, -0.044, 0.904, 0.027
1621790337.3982236, -0.06, 0.928, 0.007
1621790337.3991303, -0.093, 0.918, 0.019
1621790337.400037, -0.122, 0.911, 0.04
1621790337.4009454, -0.088, 0.896, 0.079
1621790337.4018524, -0.029, 0.888, 0.068
1621790337.402759, -0.014, 0.919, -0.003
1621790337.4036665, -0.053, 0.945, -0.032
1621790337.4045913, -0.115, 0.922, -0.008
1621790337.4055, -0.121, 0.897, 0.055
1621790337.406407, -0.121, 0.897, 0.055
1621790337.4073145, -0.081, 0.89, 0.115
1621790337.408222, -0.034, 0.896, 0.108
1621790337.4091287, -0.035, 0.928, 0.047
1621790337.4100375, -0.091, 0.936, 0.021
1621790337.4109445, -0.121, 0.913, 0.034
1621790337.4118505, -0.116, 0.888, 0.071
1621790337.4127572, -0.081, 0.902, 0.107
1621790337.413664, -0.032, 0.929, 0.07
1621790337.4145846, -0.034, 0.948, 0.012
1621790337.4155, -0.078, 0.94, 0.017
1621790337.4164329, -0.086, 0.908, 0.047
1621790337.4173985, -0.074, 0.897, 0.084
1621790337.418357, -0.064, 0.909, 0.104
1621790337.4192827, -0.058, 0.927, 0.042
1621790337.4201992, -0.058, 0.927, 0.042
1621790337.421144, -0.082, 0.939, -0.003
1621790337.4220924, -0.103, 0.912, 0.019
1621790337.4230287, -0.082, 0.88, 0.042
1621790337.4239392, -0.055, 0.891, 0.07
1621790337.4248621, -0.037, 0.898, 0.07
1621790337.4257944, -0.039, 0.926, 0.013
1621790337.4267287, -0.086, 0.934, -0.007
1621790337.4276648, -0.133, 0.901, 0.029
1621790337.4286103, -0.121, 0.902, 0.053
1621790337.4295452, -0.073, 0.91, 0.079
1621790337.4304793, -0.036, 0.917, 0.069
1621790337.4315557, -0.038, 0.934, 0.013
1621790337.4324996, -0.073, 0.927, 0.008
1621790337.4334388, -0.108, 0.891, 0.059
1621790337.434374, -0.092, 0.895, 0.08
1621790337.4353313, -0.059, 0.912, 0.065
1621790337.436284, -0.054, 0.917, 0.028
1621790337.4372306, -0.08, 0.929, -0.007
1621790337.4381754, -0.12, 0.915, 0.024
1621790337.4391217, -0.119, 0.895, 0.111
1621790337.4400682, -0.061, 0.903, 0.136
1621790337.4410057, -0.061, 0.903, 0.136
1621790337.4419444, 0.008, 0.927, 0.08
1621790337.442881, 0.019, 0.935, 0.003
1621790337.4438097, -0.053, 0.933, -0.058
1621790337.4447408, -0.141, 0.911, -0.014
1621790337.445671, -0.167, 0.882, 0.1
1621790337.446599, -0.111, 0.892, 0.15
1621790337.447509, -0.021, 0.921, 0.091
1621790337.4484167, 0.007, 0.924, -0.008
1621790337.449325, -0.042, 0.922, -0.047
1621790337.4502318, -0.119, 0.912, 0.008
1621790337.45114, -0.158, 0.889, 0.101
1621790337.4520473, -0.109, 0.906, 0.145
1621790337.4529555, -0.022, 0.936, 0.061
1621790337.453863, -0.022, 0.936, 0.061
1621790337.454772, 0.002, 0.934, -0.074
1621790337.456481, -0.127, 0.899, 0.006
1621790337.457422, -0.169, 0.883, 0.132
1621790337.458332, -0.124, 0.905, 0.202
1621790337.4592402, -0.037, 0.935, 0.117
1621790337.460147, 0.015, 0.945, -0.036
1621790337.4610536, -0.014, 0.922, -0.094
1621790337.4619598, -0.09, 0.896, -0.036
1621790337.4628654, -0.144, 0.891, 0.104
1621790337.463771, -0.144, 0.891, 0.104
1621790337.4646795, -0.133, 0.905, 0.192
1621790337.4655852, -0.052, 0.927, 0.159
1621790337.466491, 0.029, 0.945, 0.022
1621790337.4673958, 0.01, 0.928, -0.102
1621790337.468302, -0.076, 0.896, -0.072
1621790337.4692073, -0.168, 0.893, 0.057
1621790337.4701123, -0.175, 0.898, 0.185
1621790337.4710174, -0.111, 0.92, 0.202
1621790337.4719238, -0.008, 0.949, 0.103
1621790337.472829, 0.057, 0.935, -0.057
1621790337.4737341, 0.017, 0.906, -0.107
1621790337.4746408, 0.017, 0.906, -0.107
1621790337.4755464, -0.086, 0.878, -0.042
1621790337.4764512, -0.182, 0.894, 0.08
1621790337.477357, -0.198, 0.917, 0.165
1621790337.4782622, -0.13, 0.918, 0.17
1621790337.4791672, -0.034, 0.934, 0.073
1621790337.4800723, 0.021, 0.92, -0.055
1621790337.4809778, 0.019, 0.893, -0.066
1621790337.4818826, -0.044, 0.898, -0.01
1621790337.4827874, -0.119, 0.916, 0.083
1621790337.483693, -0.167, 0.915, 0.131
1621790337.4846194, -0.132, 0.928, 0.13
1621790337.4855256, -0.132, 0.928, 0.13
1621790337.4864311, -0.052, 0.92, 0.041
1621790337.4873366, -0.002, 0.901, -0.052
1621790337.4882424, -0.001, 0.898, -0.048
1621790337.4891489, -0.055, 0.9, 0.029
1621790337.490054, -0.135, 0.915, 0.12
1621790337.4909592, -0.163, 0.909, 0.167
1621790337.491865, -0.099, 0.919, 0.151
1621790337.4927697, -0.004, 0.922, 0.035
1621790337.4936748, 0.038, 0.92, -0.079
1621790337.4947386, -0.001, 0.92, -0.084
1621790337.4956632, -0.086, 0.914, 0.012
1621790337.4965727, -0.174, 0.906, 0.136
1621790337.4974792, -0.188, 0.898, 0.19
1621790337.4983854, -0.188, 0.898, 0.19
1621790337.499292, -0.104, 0.908, 0.168
1621790337.5001976, -0.001, 0.921, 0.033
1621790337.5011032, 0.034, 0.93, -0.1
1621790337.502009, -0.007, 0.914, -0.109
1621790337.5029142, -0.098, 0.9, -0.01
1621790337.5038188, -0.18, 0.889, 0.13
1621790337.5047245, -0.184, 0.898, 0.211
1621790337.50563, -0.099, 0.923, 0.187
1621790337.5065358, 0.004, 0.939, 0.035
1621790337.5074403, 0.053, 0.94, -0.097
1621790337.5083456, 0.053, 0.94, -0.097
1621790337.5092504, 0.019, 0.912, -0.124
1621790337.510162, -0.089, 0.892, -0.037
1621790337.5110676, -0.193, 0.883, 0.086
1621790337.5119734, -0.214, 0.896, 0.177
1621790337.512879, -0.131, 0.913, 0.194
1621790337.5137842, -0.008, 0.928, 0.096
1621790337.5146897, 0.077, 0.934, -0.022
1621790337.5155952, 0.066, 0.92, -0.08
1621790337.5165002, -0.056, 0.911, -0.041
1621790337.517425, -0.194, 0.897, 0.054
1621790337.5183308, -0.228, 0.897, 0.156
1621790337.5192363, -0.228, 0.897, 0.156
1621790337.5201414, -0.155, 0.901, 0.174
1621790337.5210466, -0.036, 0.925, 0.085
1621790337.521951, 0.06, 0.931, -0.025
1621790337.5228577, 0.058, 0.923, -0.067
1621790337.523763, -0.054, 0.911, -0.024
1621790337.5246713, -0.184, 0.89, 0.06
1621790337.525577, -0.219, 0.892, 0.16
1621790337.5264819, -0.148, 0.908, 0.165
1621790337.5273876, -0.031, 0.936, 0.062
1621790337.5282938, 0.057, 0.938, -0.034
1621790337.5291986, 0.056, 0.917, -0.079
1621790337.530104, 0.056, 0.917, -0.079
1621790337.5310082, -0.052, 0.901, -0.03
1621790337.5319135, -0.177, 0.883, 0.071
1621790337.5328188, -0.215, 0.893, 0.152
1621790337.5337236, -0.157, 0.922, 0.142
1621790337.5346305, -0.041, 0.934, 0.053
1621790337.5355356, 0.051, 0.932, -0.006
1621790337.5364408, 0.036, 0.921, -0.04
1621790337.537346, -0.052, 0.915, -0.007
1621790337.5382502, -0.128, 0.896, 0.072
1621790337.539155, -0.148, 0.897, 0.114
1621790337.54006, -0.124, 0.916, 0.083
1621790337.5409653, -0.124, 0.916, 0.083
1621790337.54187, -0.08, 0.911, 0.031
1621790337.5427756, -0.038, 0.91, 0.01
1621790337.5436814, -0.037, 0.917, 0.001
1621790337.5446649, -0.066, 0.904, 0.047
1621790337.5455818, -0.083, 0.906, 0.092
1621790337.546513, -0.08, 0.922, 0.087
1621790337.5474975, -0.083, 0.918, 0.051
1621790337.5484555, -0.069, 0.913, 0.036
1621790337.5493824, -0.045, 0.917, 0.001
1621790337.5502968, -0.054, 0.917, -0.004
1621790337.5512562, -0.075, 0.915, 0.033
1621790337.5522032, -0.092, 0.912, 0.042
1621790337.553139, -0.099, 0.909, 0.054
1621790337.5540538, -0.094, 0.894, 0.071
1621790337.5549774, -0.074, 0.901, 0.065
1621790337.5566185, -0.056, 0.926, 0.036
1621790337.5575967, -0.047, 0.928, 0.034
1621790337.55854, -0.051, 0.924, 0.012
1621790337.5594769, -0.067, 0.922, 0.006
1621790337.5604212, -0.086, 0.896, 0.055
1621790337.5613773, -0.104, 0.887, 0.089
1621790337.5623252, -0.107, 0.914, 0.076
1621790337.5632613, -0.09, 0.922, 0.064
1621790337.564211, -0.055, 0.928, 0.02
1621790337.5651686, -0.032, 0.93, -0.025
1621790337.5661066, -0.044, 0.914, 0.004
1621790337.5670476, -0.084, 0.902, 0.047
1621790337.567999, -0.113, 0.914, 0.097
1621790337.568937, -0.093, 0.917, 0.132
1621790337.5698721, -0.042, 0.916, 0.09
1621790337.5708187, -0.005, 0.925, 0.002
1621790337.5717523, -0.02, 0.917, -0.032
1621790337.5726902, -0.02, 0.917, -0.032
1621790337.573629, -0.094, 0.905, -0.017
1621790337.5746076, -0.165, 0.907, 0.049
1621790337.5755448, -0.164, 0.9, 0.141
1621790337.5764782, -0.099, 0.906, 0.14
1621790337.577398, -0.009, 0.924, 0.065
1621790337.5783057, 0.038, 0.918, -0.01
1621790337.5792122, -0.002, 0.914, -0.059
1621790337.5801184, -0.093, 0.91, -0.025
1621790337.581025, -0.163, 0.903, 0.082
1621790337.5819306, -0.156, 0.91, 0.134
1621790337.5828362, -0.09, 0.924, 0.102
1621790337.5837407, -0.042, 0.923, 0.048
1621790337.5846486, -0.022, 0.918, -0.01
1621790337.585554, -0.022, 0.918, -0.01
1621790337.5864599, -0.059, 0.901, -0.009
1621790337.5873656, -0.106, 0.89, 0.055
1621790337.5882714, -0.083, 0.896, 0.085
1621790337.5891767, -0.059, 0.918, 0.078
1621790337.5900815, -0.056, 0.93, 0.027
1621790337.590987, -0.071, 0.921, -0.029
1621790337.591893, -0.098, 0.911, 0.016
1621790337.5927987, -0.092, 0.897, 0.082
1621790337.5937076, -0.049, 0.914, 0.094
1621790337.5946128, -0.004, 0.928, 0.084
1621790337.5955195, -0.032, 0.918, 0.028
1621790337.5964239, -0.032, 0.918, 0.028
1621790337.5973282, -0.104, 0.924, -0.01
1621790337.5982337, -0.117, 0.908, 0.045
1621790337.5991392, -0.1, 0.886, 0.081
1621790337.6000445, -0.042, 0.911, 0.072
1621790337.6009498, -0.008, 0.93, 0.049
1621790337.6018548, -0.042, 0.916, 0.008
1621790337.6027622, -0.12, 0.91, 0.025
1621790337.6036696, -0.176, 0.895, 0.09
1621790337.6045938, -0.113, 0.886, 0.115
1621790337.6054997, -0.034, 0.924, 0.089
1621790337.6064048, 0.005, 0.94, 0.013
1621790337.6073096, 0.005, 0.94, 0.013
1621790337.608214, -0.038, 0.944, -0.048
1621790337.6091192, -0.102, 0.919, 0.006
1621790337.6100242, -0.12, 0.882, 0.078
1621790337.6109295, -0.103, 0.881, 0.108
1621790337.6118352, -0.038, 0.906, 0.088
1621790337.6127398, -0.026, 0.927, 0.004
1621790337.6136453, -0.089, 0.931, -0.031
1621790337.614564, -0.146, 0.91, 0.024
1621790337.6154714, -0.12, 0.88, 0.083
1621790337.6163778, -0.05, 0.899, 0.123
1621790337.6172824, -0.003, 0.916, 0.1
1621790337.6181872, -0.003, 0.916, 0.1
1621790337.619092, -0.005, 0.939, 0.013
1621790337.619997, -0.049, 0.941, -0.006
1621790337.620902, -0.095, 0.901, 0.01
1621790337.6218076, -0.118, 0.893, 0.034
1621790337.622713, -0.098, 0.91, 0.073
1621790337.6236172, -0.059, 0.924, 0.072
1621790337.6245222, -0.066, 0.934, 0.067
1621790337.625441, -0.091, 0.914, 0.056
1621790337.6263478, -0.079, 0.893, 0.033
1621790337.6272526, -0.05, 0.901, 0.049
1621790337.6281576, -0.026, 0.904, 0.047
1621790337.629063, -0.026, 0.904, 0.047
1621790337.6299672, -0.039, 0.926, 0.016
1621790337.6308722, -0.095, 0.94, 0.019
1621790337.631777, -0.135, 0.907, 0.022
1621790337.6326826, -0.118, 0.891, 0.061
1621790337.6335871, -0.088, 0.908, 0.087
1621790337.6344922, -0.047, 0.919, 0.073
1621790337.635399, -0.025, 0.931, 0.061
1621790337.6363046, -0.05, 0.918, 0.018
1621790337.6372085, -0.093, 0.899, -0.0
1621790337.6382604, -0.093, 0.899, 0.004
1621790337.6391737, -0.068, 0.902, 0.025
1621790337.6400805, -0.063, 0.906, 0.053
1621790337.640986, -0.095, 0.919, 0.067
1621790337.641891, -0.095, 0.919, 0.067
1621790337.642797, -0.107, 0.917, 0.076
1621790337.6437025, -0.071, 0.888, 0.071
1621790337.644607, -0.047, 0.903, 0.053
1621790337.6455114, -0.04, 0.931, 0.044
1621790337.6464171, -0.066, 0.931, 0.02
1621790337.6473224, -0.09, 0.928, 0.009
1621790337.6482277, -0.08, 0.911, 0.029
1621790337.6491323, -0.051, 0.892, 0.034
1621790337.6500375, -0.047, 0.902, 0.055
1621790337.6509416, -0.079, 0.916, 0.057
1621790337.6518462, -0.079, 0.916, 0.057
1621790337.6527536, -0.113, 0.922, 0.067
1621790337.6536617, -0.118, 0.908, 0.087
1621790337.6545901, -0.091, 0.896, 0.082
1621790337.6554973, -0.062, 0.909, 0.089
1621790337.6570165, -0.026, 0.943, 0.029
1621790337.6579475, -0.042, 0.931, 0.022
1621790337.6588569, -0.063, 0.912, 0.017
1621790337.6597643, -0.063, 0.912, 0.017
1621790337.66067, -0.077, 0.908, 0.048
1621790337.6615758, -0.098, 0.909, 0.055
1621790337.6624804, -0.103, 0.921, 0.023
1621790337.6633859, -0.086, 0.911, 0.007
1621790337.6642916, -0.06, 0.89, -0.008
1621790337.6652107, -0.041, 0.89, 0.005
1621790337.6661215, -0.053, 0.894, 0.021
1621790337.6670814, -0.078, 0.903, 0.04
1621790337.6680338, -0.084, 0.91, 0.064
1621790337.668964, -0.08, 0.916, 0.053
1621790337.6698828, -0.073, 0.917, 0.051
1621790337.670818, -0.083, 0.919, 0.037
1621790337.6717694, -0.097, 0.932, 0.039
1621790337.6727037, -0.085, 0.918, 0.055
1621790337.673623, -0.085, 0.918, 0.055
1621790337.674534, -0.078, 0.909, 0.063
1621790337.675466, -0.068, 0.911, 0.091
1621790337.6763985, -0.065, 0.906, 0.073
1621790337.6773517, -0.082, 0.925, 0.073
1621790337.678289, -0.08, 0.92, 0.071
1621790337.6792228, -0.07, 0.914, 0.052
1621790337.6801634, -0.054, 0.913, 0.052
1621790337.6811016, -0.058, 0.908, 0.026
1621790337.6820424, -0.063, 0.918, 0.033
1621790337.6829817, -0.057, 0.909, 0.032
1621790337.6839197, -0.055, 0.912, 0.029
1621790337.6848726, -0.064, 0.922, 0.032
1621790337.6858087, -0.086, 0.919, 0.02
1621790337.686742, -0.087, 0.93, 0.036
1621790337.6876776, -0.071, 0.917, 0.045
1621790337.6886165, -0.05, 0.914, 0.054
1621790337.689558, -0.053, 0.919, 0.062
1621790337.690505, -0.071, 0.907, 0.049
1621790337.6914454, -0.071, 0.907, 0.049
1621790337.6923833, -0.083, 0.921, 0.054
1621790337.6933184, -0.091, 0.911, 0.046
1621790337.6942525, -0.091, 0.896, 0.032
1621790337.6951952, -0.097, 0.908, 0.044
1621790337.696127, -0.116, 0.908, 0.032
1621790337.6970499, -0.118, 0.913, 0.065
1621790337.69796, -0.085, 0.906, 0.086
1621790337.6988661, -0.038, 0.907, 0.075
1621790337.6997724, -0.027, 0.918, 0.065
1621790337.700678, -0.042, 0.922, 0.017
1621790337.701584, -0.07, 0.931, 0.017
1621790337.7024899, -0.09, 0.92, 0.034
1621790337.7033951, -0.096, 0.912, 0.051
1621790337.7042997, -0.096, 0.912, 0.051
1621790337.7052088, -0.089, 0.911, 0.087
1621790337.7061167, -0.063, 0.906, 0.075
1621790337.707023, -0.051, 0.912, 0.055
1621790337.7079284, -0.026, 0.914, 0.035
1621790337.7088337, -0.027, 0.908, 0.005
1621790337.7097397, -0.063, 0.914, 0.021
1621790337.710644, -0.108, 0.911, 0.03
1621790337.7115495, -0.116, 0.916, 0.044
1621790337.7124553, -0.084, 0.916, 0.061
1621790337.71336, -0.067, 0.907, 0.041
1621790337.714265, -0.065, 0.916, 0.048
1621790337.7151723, -0.065, 0.916, 0.048
1621790337.7160776, -0.085, 0.915, 0.053
1621790337.716987, -0.088, 0.915, 0.062
1621790337.7178946, -0.078, 0.911, 0.08
1621790337.7188, -0.065, 0.909, 0.05
1621790337.7197056, -0.079, 0.921, 0.025
1621790337.720612, -0.093, 0.922, 0.018
1621790337.7215168, -0.083, 0.915, 0.02
1621790337.7224221, -0.066, 0.907, 0.055
1621790337.7233262, -0.06, 0.895, 0.057
1621790337.724231, -0.066, 0.912, 0.051
1621790337.7251406, -0.081, 0.922, 0.065
1621790337.7260466, -0.081, 0.922, 0.065
1621790337.726952, -0.089, 0.914, 0.055
1621790337.727857, -0.071, 0.918, 0.048
1621790337.7287629, -0.042, 0.913, 0.034
1621790337.729668, -0.032, 0.908, 0.011
1621790337.7305727, -0.059, 0.916, 0.035
1621790337.731478, -0.086, 0.913, 0.049
1621790337.7323833, -0.088, 0.912, 0.045
1621790337.7332883, -0.066, 0.908, 0.062
1621790337.7341936, -0.073, 0.902, 0.049
1621790337.7351005, -0.1, 0.923, 0.046
1621790337.7360065, -0.126, 0.927, 0.063
1621790337.7369127, -0.126, 0.927, 0.063
1621790337.7378178, -0.092, 0.908, 0.064
1621790337.7387226, -0.042, 0.9, 0.06
1621790337.7396286, -0.019, 0.901, 0.045
1621790337.740534, -0.036, 0.917, 0.019
1621790337.7414386, -0.093, 0.927, 0.029
1621790337.7423434, -0.128, 0.917, 0.046
1621790337.743248, -0.113, 0.913, 0.05
1621790337.7441518, -0.047, 0.905, 0.055
1621790337.7450686, -0.036, 0.909, 0.036
1621790337.7459743, -0.07, 0.929, 0.024
1621790337.74688, -0.103, 0.928, 0.063
1621790337.7477849, -0.103, 0.928, 0.063
1621790337.7486897, -0.073, 0.905, 0.092
1621790337.7495944, -0.02, 0.894, 0.06
1621790337.7504988, -0.01, 0.905, 0.017
1621790337.751404, -0.042, 0.922, -0.025
1621790337.752309, -0.139, 0.92, -0.001
1621790337.7532156, -0.169, 0.898, 0.073
1621790337.754123, -0.12, 0.891, 0.124
1621790337.755036, -0.036, 0.896, 0.124
1621790337.7559445, 0.012, 0.915, 0.064
1621790337.757475, -0.041, 0.946, -0.007
1621790337.758409, -0.098, 0.935, 0.013
1621790337.7593184, -0.128, 0.901, 0.071
1621790337.760226, -0.091, 0.893, 0.085
1621790337.7611322, -0.028, 0.904, 0.065
1621790337.762037, -0.028, 0.923, -0.005
1621790337.7629428, -0.088, 0.935, -0.03
1621790337.7638488, -0.152, 0.915, 0.05
1621790337.764757, -0.125, 0.886, 0.127
1621790337.765664, -0.125, 0.886, 0.127
1621790337.76657, -0.046, 0.896, 0.114
1621790337.7674787, 0.005, 0.922, 0.047
1621790337.7683825, 0.001, 0.94, -0.043
1621790337.7692876, -0.09, 0.936, -0.053
1621790337.770193, -0.157, 0.903, 0.052
1621790337.7710986, -0.112, 0.882, 0.127
1621790337.7720041, -0.031, 0.9, 0.124
1621790337.7729096, 0.021, 0.933, 0.042
1621790337.7738144, -0.024, 0.95, -0.065
1621790337.7747219, -0.146, 0.924, -0.045
1621790337.7756314, -0.201, 0.891, 0.092
1621790337.7765377, -0.201, 0.891, 0.092
1621790337.7774432, -0.12, 0.888, 0.17
1621790337.7783487, -0.004, 0.906, 0.137
1621790337.779254, 0.056, 0.934, 0.022
1621790337.7801592, 0.004, 0.949, -0.088
1621790337.781065, -0.126, 0.914, -0.042
1621790337.7819693, -0.198, 0.868, 0.101
1621790337.7828748, -0.14, 0.886, 0.176
1621790337.78378, -0.034, 0.917, 0.129
1621790337.784693, 0.009, 0.935, 0.007
1621790337.7856028, -0.046, 0.946, -0.088
1621790337.7865114, -0.142, 0.906, -0.024
1621790337.787419, -0.142, 0.906, -0.024
1621790337.788353, -0.156, 0.858, 0.131
1621790337.7893443, -0.068, 0.891, 0.181
1621790337.7903, 0.025, 0.941, 0.101
1621790337.7912254, 0.03, 0.945, -0.053
1621790337.7921393, -0.062, 0.94, -0.135
1621790337.7930899, -0.182, 0.888, -0.04
1621790337.794038, -0.195, 0.85, 0.145
1621790337.7949767, -0.099, 0.89, 0.201
1621790337.7958918, 0.016, 0.943, 0.108
1621790337.7968094, 0.054, 0.953, -0.031
1621790337.797738, -0.023, 0.939, -0.111
1621790337.798672, -0.139, 0.893, -0.026
1621790337.7996097, -0.178, 0.865, 0.129
1621790337.8005412, -0.109, 0.91, 0.185
1621790337.801477, -0.012, 0.954, 0.083
1621790337.8024185, 0.029, 0.947, -0.041
1621790337.8033757, -0.035, 0.917, -0.089
1621790337.8043113, -0.149, 0.882, -0.004
1621790337.80526, -0.19, 0.866, 0.158
1621790337.8062, -0.19, 0.866, 0.158
1621790337.80716, -0.117, 0.914, 0.211
1621790337.8080974, -0.011, 0.957, 0.09
1621790337.8090286, 0.026, 0.946, -0.066
1621790337.8099627, -0.031, 0.922, -0.109
1621790337.8108997, -0.126, 0.885, -0.03
1621790337.8118382, -0.168, 0.865, 0.123
1621790337.8127782, -0.115, 0.898, 0.205
1621790337.8137128, -0.024, 0.946, 0.109
1621790337.814661, 0.003, 0.951, -0.04
1621790337.8155985, -0.054, 0.918, -0.083
1621790337.8165417, -0.13, 0.888, -0.018
1621790337.8174837, -0.15, 0.876, 0.107
1621790337.8184068, -0.086, 0.906, 0.181
1621790337.8193207, -0.009, 0.94, 0.127
1621790337.8202274, 0.014, 0.949, -0.006
1621790337.8212767, -0.035, 0.918, -0.069
1621790337.8221896, -0.106, 0.883, -0.026
1621790337.8230965, -0.138, 0.879, 0.062
1621790337.8240023, -0.138, 0.879, 0.062
1621790337.82491, -0.122, 0.905, 0.134
1621790337.8258162, -0.079, 0.94, 0.135
1621790337.8267221, -0.043, 0.945, 0.062
1621790337.827627, -0.034, 0.917, -0.013
1621790337.828533, -0.043, 0.881, 0.003
1621790337.829439, -0.053, 0.875, 0.042
1621790337.8303444, -0.069, 0.916, 0.074
1621790337.8312492, -0.097, 0.943, 0.079
1621790337.8321543, -0.11, 0.942, 0.06
1621790337.8330598, -0.1, 0.92, 0.036
1621790337.833965, -0.077, 0.889, 0.026
1621790337.8348722, -0.077, 0.889, 0.026
1621790337.8357775, -0.045, 0.888, 0.052
1621790337.8366828, -0.039, 0.92, 0.055
1621790337.8375874, -0.068, 0.937, 0.052
1621790337.838492, -0.101, 0.925, 0.065
1621790337.8393977, -0.101, 0.905, 0.062
1621790337.8403046, -0.08, 0.894, 0.045
1621790337.8412101, -0.055, 0.899, 0.029
1621790337.8421156, -0.04, 0.917, 0.031
1621790337.843021, -0.062, 0.935, 0.028
1621790337.8439262, -0.094, 0.918, 0.044
1621790337.8448324, -0.094, 0.918, 0.044
1621790337.8457377, -0.107, 0.894, 0.074
1621790337.8466427, -0.082, 0.896, 0.075
1621790337.847548, -0.043, 0.915, 0.034
1621790337.8484528, -0.035, 0.932, -0.001
1621790337.8493586, -0.056, 0.926, 0.006
1621790337.850264, -0.094, 0.916, 0.032
1621790337.8511682, -0.121, 0.899, 0.074
1621790337.8520737, -0.113, 0.89, 0.117
1621790337.8529787, -0.071, 0.913, 0.107
1621790337.8538845, -0.034, 0.929, 0.039
1621790337.8547926, -0.031, 0.928, -0.003
1621790337.855701, -0.031, 0.928, -0.003
1621790337.8566082, -0.057, 0.911, -0.01
1621790337.8581324, -0.126, 0.9, 0.049
1621790337.859067, -0.113, 0.899, 0.087
1621790337.859976, -0.061, 0.918, 0.074
1621790337.8608832, -0.022, 0.92, 0.046
1621790337.8617892, -0.032, 0.912, 0.051
1621790337.862694, -0.052, 0.916, 0.035
1621790337.8635988, -0.052, 0.916, 0.035
1621790337.8645048, -0.083, 0.912, 0.036
1621790337.8654122, -0.108, 0.919, 0.041
1621790337.8663182, -0.095, 0.905, 0.029
1621790337.8672237, -0.052, 0.908, 0.028
1621790337.8681293, -0.035, 0.914, 0.036
1621790337.869034, -0.07, 0.896, 0.062
1621790337.8699412, -0.112, 0.912, 0.058
1621790337.8708465, -0.113, 0.913, 0.068
1621790337.8717518, -0.085, 0.919, 0.076
1621790337.8726573, -0.059, 0.918, 0.045
1621790337.8735623, -0.038, 0.917, 0.019
1621790337.8744674, -0.038, 0.917, 0.019
1621790337.8753867, -0.049, 0.908, 0.03
1621790337.8762918, -0.075, 0.904, 0.048
1621790337.8771973, -0.108, 0.913, 0.052
1621790337.8781033, -0.105, 0.91, 0.077
1621790337.8790085, -0.073, 0.915, 0.066
1621790337.8799143, -0.051, 0.929, 0.023
1621790337.8808196, -0.058, 0.915, 0.013
1621790337.881725, -0.074, 0.904, 0.033
1621790337.8826296, -0.083, 0.908, 0.045
1621790337.8835347, -0.089, 0.908, 0.056
1621790337.8844395, -0.07, 0.912, 0.064
1621790337.8853464, -0.07, 0.912, 0.064
1621790337.8862514, -0.036, 0.918, 0.038
1621790337.887157, -0.032, 0.918, 0.016
1621790337.8880627, -0.068, 0.906, 0.024
1621790337.8889673, -0.111, 0.913, 0.031
1621790337.8898718, -0.139, 0.909, 0.043
1621790337.8907769, -0.118, 0.909, 0.075
1621790337.891682, -0.059, 0.916, 0.071
1621790337.8925867, -0.012, 0.916, 0.049
1621790337.8934917, -0.018, 0.917, 0.057
1621790337.8943968, -0.063, 0.92, 0.05
1621790337.8953068, -0.063, 0.92, 0.05
1621790337.8962133, -0.113, 0.92, 0.036
1621790337.8971205, -0.123, 0.914, 0.049
1621790337.8980277, -0.095, 0.913, 0.04
1621790337.8989348, -0.061, 0.91, 0.022
1621790337.899842, -0.044, 0.909, 0.047
1621790337.900749, -0.062, 0.906, 0.055
1621790337.9016562, -0.096, 0.913, 0.068
1621790337.9025636, -0.101, 0.912, 0.089
1621790337.9034708, -0.072, 0.915, 0.058
1621790337.904378, -0.037, 0.926, 0.02
1621790337.9052851, -0.027, 0.919, 0.022
1621790337.9061918, -0.027, 0.919, 0.022
1621790337.9070988, -0.059, 0.913, 0.026
1621790337.9080064, -0.104, 0.909, 0.041
1621790337.908913, -0.116, 0.904, 0.077
1621790337.9098194, -0.086, 0.904, 0.064
1621790337.9107292, -0.046, 0.917, 0.037
1621790337.911636, -0.038, 0.92, 0.052
1621790337.9125435, -0.071, 0.911, 0.043
1621790337.9134505, -0.119, 0.915, 0.033
1621790337.9143574, -0.129, 0.904, 0.06
1621790337.9152715, -0.072, 0.9, 0.058
1621790337.9161787, -0.015, 0.92, 0.049
1621790337.9171488, -0.014, 0.926, 0.061
1621790337.9180918, -0.056, 0.921, 0.049
1621790337.9190295, -0.056, 0.921, 0.049
1621790337.9199452, -0.127, 0.907, 0.048
1621790337.9208612, -0.157, 0.894, 0.053
1621790337.92181, -0.094, 0.91, 0.037
1621790337.9227505, -0.033, 0.926, 0.033
1621790337.9236753, -0.009, 0.921, 0.041
1621790337.924601, -0.04, 0.921, 0.037
1621790337.9255328, -0.095, 0.898, 0.057
1621790337.9264624, -0.103, 0.884, 0.058
1621790337.927391, -0.082, 0.914, 0.027
1621790337.9283288, -0.031, 0.934, 0.032
1621790337.9294462, -0.032, 0.923, 0.027
1621790337.930394, -0.093, 0.916, 0.019
1621790337.9313326, -0.128, 0.896, 0.057
1621790337.9322786, -0.127, 0.876, 0.078
1621790337.9332154, -0.063, 0.915, 0.058
1621790337.9341583, -0.003, 0.938, 0.061
1621790337.9351144, 0.001, 0.926, 0.04
1621790337.936051, -0.066, 0.925, 0.02
1621790337.9369922, -0.143, 0.892, 0.029
1621790337.937942, -0.135, 0.875, 0.032
1621790337.9388857, -0.089, 0.916, 0.044
1621790337.9398248, -0.089, 0.916, 0.044
1621790337.9407692, -0.02, 0.929, 0.044
1621790337.9416993, -0.022, 0.931, 0.042
1621790337.9426343, -0.08, 0.919, 0.066
1621790337.9435701, -0.131, 0.882, 0.072
1621790337.9444976, -0.13, 0.889, 0.068
1621790337.9454274, -0.062, 0.93, 0.075
1621790337.946357, -0.005, 0.957, 0.057
1621790337.9472802, 0.007, 0.952, 0.05
1621790337.9481876, -0.067, 0.923, 0.051
1621790337.9490938, -0.115, 0.882, 0.033
1621790337.9499998, -0.107, 0.885, 0.044
1621790337.9509053, -0.048, 0.907, 0.041
1621790337.9518101, -0.027, 0.931, 0.018
1621790337.9527159, -0.066, 0.938, 0.016
1621790337.9536211, -0.066, 0.938, 0.016
1621790337.954526, -0.118, 0.888, 0.019
1621790337.9554362, -0.142, 0.864, 0.023
1621790337.9563425, -0.09, 0.877, 0.039
1621790337.9572499, -0.006, 0.918, 0.047
1621790337.958779, -0.069, 0.945, 0.063
1621790337.959713, -0.148, 0.912, 0.049
1621790337.9606216, -0.148, 0.912, 0.049
1621790337.9615283, -0.165, 0.883, 0.063
1621790337.962434, -0.094, 0.897, 0.069
1621790337.9633393, -0.019, 0.94, 0.058
1621790337.9642448, -0.014, 0.965, 0.045
1621790337.9651527, -0.071, 0.929, 0.029
1621790337.9660587, -0.126, 0.875, 0.057
1621790337.9669645, -0.115, 0.855, 0.074
1621790337.9678702, -0.053, 0.887, 0.068
1621790337.968776, -0.005, 0.945, 0.048
1621790337.9696803, -0.032, 0.949, -0.003
1621790337.970586, -0.102, 0.918, 0.0
1621790337.9714935, -0.102, 0.918, 0.0
1621790337.972399, -0.129, 0.869, 0.043
1621790337.9733045, -0.094, 0.866, 0.068
1621790337.9742095, -0.029, 0.922, 0.09
1621790337.975119, 0.0, 0.958, 0.054
1621790337.976024, -0.033, 0.963, 0.005
1621790337.9769285, -0.101, 0.92, 0.015
1621790337.9778342, -0.126, 0.876, 0.042
1621790337.9787395, -0.107, 0.885, 0.103
1621790337.9796448, -0.069, 0.921, 0.116
1621790337.9805498, -0.049, 0.956, 0.073
1621790337.981459, -0.056, 0.948, 0.052
1621790337.9823642, -0.056, 0.948, 0.052
1621790337.9832695, -0.072, 0.895, 0.021
1621790337.9841743, -0.098, 0.872, 0.029
1621790337.9850812, -0.101, 0.888, 0.047
1621790337.985986, -0.088, 0.923, 0.028
1621790337.986891, -0.062, 0.948, 0.019
1621790337.9877963, -0.063, 0.919, 0.003
1621790337.9887013, -0.083, 0.883, 0.026
1621790337.989606, -0.077, 0.873, 0.066
1621790337.990511, -0.07, 0.893, 0.07
1621790337.9914157, -0.044, 0.932, 0.078
1621790337.992321, -0.04, 0.94, 0.049
1621790337.993226, -0.04, 0.94, 0.049
1621790337.9941306, -0.075, 0.923, 0.025
1621790337.995046, -0.101, 0.897, 0.039
1621790337.9959514, -0.11, 0.882, 0.039
1621790337.996857, -0.062, 0.911, 0.071
1621790337.997762, -0.023, 0.935, 0.056
1621790337.9986668, -0.053, 0.939, 0.03
1621790337.9995718, -0.092, 0.92, 0.044
1621790338.0004768, -0.121, 0.896, 0.045
1621790338.0013826, -0.1, 0.894, 0.082
1621790338.0022883, -0.062, 0.915, 0.073
1621790338.0033305, -0.055, 0.938, 0.044
1621790338.0042415, -0.059, 0.935, 0.033
1621790338.0051508, -0.059, 0.935, 0.033
1621790338.0060565, -0.084, 0.909, 0.029
1621790338.0069625, -0.092, 0.894, 0.062
1621790338.0078678, -0.062, 0.897, 0.075
1621790338.008773, -0.061, 0.925, 0.071
1621790338.0097654, -0.079, 0.938, 0.042
1621790338.0106723, -0.085, 0.921, 0.004
1621790338.0120409, -0.077, 0.913, 0.027
1621790338.0139828, -0.058, 0.899, 0.05
1621790338.0159273, -0.063, 0.925, 0.016
1621790338.0178685, -0.094, 0.896, 0.03
1621790338.0198112, -0.096, 0.903, 0.063
1621790338.0217524, -0.047, 0.917, 0.071
1621790338.0236933, -0.069, 0.907, 0.062
1621790338.0256364, -0.091, 0.926, 0.037
1621790338.0275788, -0.08, 0.917, 0.044
1621790338.0295198, -0.077, 0.898, 0.057
1621790338.03146, -0.025, 0.916, 0.058
1621790338.0334015, -0.075, 0.927, 0.031
1621790338.0353498, -0.102, 0.905, 0.045
1621790338.0373666, -0.053, 0.913, 0.044
1621790338.0393698, -0.079, 0.913, 0.013
1621790338.0413456, -0.071, 0.902, 0.047
1621790338.0432978, -0.096, 0.918, 0.05
1621790338.0452518, -0.081, 0.905, 0.053
1621790338.047234, -0.064, 0.908, 0.067
1621790338.049217, -0.095, 0.927, 0.047
1621790338.0511863, -0.052, 0.911, 0.036
1621790338.053135, -0.067, 0.917, 0.047
1621790338.0551186, -0.067, 0.912, 0.061
1621790338.0571136, -0.057, 0.915, 0.029
1621790338.059128, -0.107, 0.907, 0.041
1621790338.0611424, -0.046, 0.917, 0.061
1621790338.0631244, -0.037, 0.927, 0.031
1621790338.06511, -0.126, 0.911, 0.023
1621790338.067093, -0.08, 0.898, 0.064
1621790338.069087, -0.086, 0.925, 0.062
1621790338.0710766, -0.053, 0.903, 0.069
1621790338.0730615, -0.046, 0.917, 0.019
1621790338.075106, -0.112, 0.923, 0.023
1621790338.0770948, -0.075, 0.888, 0.078
1621790338.0790787, -0.029, 0.926, 0.058
1621790338.0810702, -0.092, 0.923, 0.022
1621790338.0830517, -0.045, 0.895, 0.015
1621790338.0850594, -0.11, 0.922, 0.046
1621790338.0870497, -0.102, 0.9, 0.101
1621790338.0890398, -0.034, 0.916, 0.052
1621790338.0910335, -0.084, 0.936, 0.02
1621790338.0930126, -0.096, 0.887, 0.06
1621790338.0950065, -0.046, 0.913, 0.073
1621790338.0969827, -0.109, 0.924, 0.039
1621790338.098946, -0.053, 0.891, 0.048
1621790338.1008894, -0.044, 0.937, 0.031
1621790338.102832, -0.085, 0.91, 0.034
1621790338.1047795, -0.045, 0.896, 0.065
1621790338.1067226, -0.104, 0.93, 0.039
1621790338.1086652, -0.105, 0.886, 0.044
1621790338.1118708, -0.033, 0.935, 0.04
1621790338.1138556, -0.116, 0.918, 0.006
1621790338.1156535, -0.084, 0.899, 0.066
1621790338.1173537, -0.066, 0.933, 0.061
1621790338.1190526, -0.073, 0.901, 0.044
1621790338.1207511, -0.032, 0.895, 0.049
1621790338.122449, -0.077, 0.93, -0.013
1621790338.1241477, -0.128, 0.897, 0.053
1621790338.125851, -0.092, 0.896, 0.075
1621790338.12755, -0.017, 0.913, 0.066
1621790338.129248, -0.082, 0.94, 0.015
1621790338.1309462, -0.087, 0.902, 0.036
1621790338.132644, -0.064, 0.908, 0.065
1621790338.134341, -0.078, 0.926, 0.03
1621790338.1360424, -0.085, 0.886, 0.077
1621790338.1377409, -0.066, 0.899, 0.065
1621790338.1394377, -0.074, 0.927, 0.014
1621790338.1411347, -0.098, 0.905, 0.058
1621790338.1428316, -0.026, 0.918, 0.052
1621790338.144528, -0.019, 0.921, 0.033
1621790338.1462398, -0.149, 0.921, 0.019
1621790338.1479387, -0.087, 0.901, 0.111
1621790338.1496363, 0.013, 0.921, 0.018
1621790338.1513324, -0.014, 0.913, -0.017
1621790338.1530297, -0.166, 0.891, 0.087
1621790338.1547313, -0.035, 0.933, 0.073
1621790338.1564283, -0.0, 0.931, -0.016
1621790338.1581266, -0.118, 0.917, 0.021
1621790338.159827, -0.097, 0.888, 0.183
1621790338.1615243, 0.031, 0.935, -0.055
1621790338.1632228, -0.024, 0.924, -0.114
1621790338.1649282, -0.213, 0.887, 0.098
1621790338.1666307, -0.042, 0.914, 0.188
1621790338.1683326, 0.057, 0.944, 0.014
1621790338.1700325, -0.054, 0.908, -0.105
1621790338.1717343, -0.198, 0.891, 0.172
1621790338.1734352, 0.0, 0.926, 0.093
1621790338.175137, 0.048, 0.923, -0.062
1621790338.1768384, -0.129, 0.886, 0.003
1621790338.17854, -0.163, 0.909, 0.22
1621790338.1802413, -0.054, 0.926, 0.155
1621790338.1819413, 0.041, 0.93, -0.135
1621790338.1836421, -0.144, 0.895, 0.052
1621790338.1853487, -0.144, 0.914, 0.198
1621790338.1872344, 0.005, 0.928, -0.049
1621790338.1889915, 0.008, 0.908, -0.111
1621790338.1907327, -0.113, 0.908, 0.081
1621790338.1924462, -0.132, 0.909, 0.176
1621790338.1941602, 0.003, 0.923, -0.05
1621790338.1959133, 0.013, 0.914, -0.095
1621790338.1976533, -0.152, 0.918, 0.065
1621790338.1993752, -0.133, 0.893, 0.186
1621790338.2010818, -0.025, 0.905, 0.099
1621790338.2028124, 0.043, 0.936, -0.091
1621790338.2045484, -0.197, 0.915, 0.057
1621790338.206335, -0.12, 0.887, 0.175
1621790338.2081013, 0.07, 0.946, -0.044
1621790338.209838, 0.005, 0.931, -0.058
1621790338.2116656, -0.191, 0.895, 0.111
1621790338.2134101, -0.079, 0.917, 0.13
1621790338.2153409, 0.042, 0.942, -0.074
1621790338.21733, -0.122, 0.883, 0.031
1621790338.2193224, -0.162, 0.908, 0.114
1621790338.2213166, -0.006, 0.927, -0.023
1621790338.2233083, -0.026, 0.892, 0.026
1621790338.22536, -0.149, 0.923, 0.095
1621790338.2273505, -0.054, 0.922, 0.024
1621790338.2293487, -0.05, 0.896, -0.013
1621790338.2313354, -0.14, 0.912, 0.11
1621790338.233312, -0.036, 0.918, 0.109
1621790338.235309, -0.02, 0.925, -0.015
1621790338.2372928, -0.131, 0.909, 0.045
1621790338.2392712, -0.095, 0.919, 0.106
1621790338.2412465, -0.024, 0.923, 0.025
1621790338.2432156, -0.066, 0.902, 0.011
1621790338.2451844, -0.105, 0.922, 0.058
1621790338.2471313, -0.056, 0.915, 0.028
1621790338.2490747, -0.055, 0.897, 0.03
1621790338.2510178, -0.121, 0.918, 0.059
1621790338.2529607, -0.068, 0.909, 0.047
1621790338.254904, -0.049, 0.9, 0.038
1621790338.2568452, -0.082, 0.917, 0.065
1621790338.2587867, -0.065, 0.916, 0.033
1621790338.2607281, -0.107, 0.909, 0.026
1621790338.2626696, -0.074, 0.905, 0.089
1621790338.2646346, -0.017, 0.924, 0.05
1621790338.266577, -0.076, 0.908, 0.016
1621790338.2685175, -0.108, 0.898, 0.039
1621790338.2704585, -0.057, 0.93, 0.043
1621790338.2723987, -0.075, 0.902, 0.061
1621790338.2743437, -0.076, 0.9, 0.058
1621790338.2762895, -0.052, 0.931, 0.039
1621790338.2782295, -0.07, 0.91, -0.001
1621790338.2801726, -0.126, 0.884, 0.069
1621790338.2821136, -0.05, 0.935, 0.071
1621790338.2840548, -0.056, 0.92, 0.022
1621790338.28718, -0.026, 0.918, 0.066
1621790338.289164, -0.074, 0.92, 0.02
1621790338.2911146, -0.111, 0.908, 0.052
1621790338.2930589, -0.086, 0.908, 0.06
1621790338.2950208, -0.028, 0.933, 0.028
1621790338.2969658, -0.093, 0.902, 0.059
1621790338.298909, -0.059, 0.907, 0.057
1621790338.30085, -0.09, 0.944, -0.007
1621790338.302791, -0.135, 0.881, 0.064
1621790338.304737, -0.004, 0.913, 0.088
1621790338.3066785, -0.047, 0.934, 0.004
1621790338.3086212, -0.127, 0.891, 0.039
1621790338.3105628, -0.054, 0.907, 0.076
1621790338.3125365, -0.079, 0.938, 0.046
1621790338.3144798, -0.068, 0.876, 0.064
1621790338.3164248, -0.056, 0.929, 0.035
1621790338.3183663, -0.103, 0.913, 0.035
1621790338.3203084, -0.059, 0.89, 0.073
1621790338.32225, -0.061, 0.95, 0.046
1621790338.3241973, -0.104, 0.915, 0.027
1621790338.3261433, -0.034, 0.892, 0.041
1621790338.3280854, -0.083, 0.932, 0.027
1621790338.3300264, -0.091, 0.882, 0.064
1621790338.331968, -0.07, 0.923, 0.061
1621790338.3339095, -0.087, 0.935, 0.025
1621790338.3358521, -0.037, 0.882, 0.053
1621790338.3377924, -0.067, 0.929, 0.053
1621790338.3397322, -0.094, 0.922, 0.047
1621790338.3416724, -0.072, 0.894, 0.046
1621790338.343613, -0.089, 0.923, 0.06
1621790338.345573, -0.066, 0.92, 0.058
1621790338.3475778, -0.057, 0.929, 0.052
1621790338.349613, -0.104, 0.922, 0.019
1621790338.3515983, -0.074, 0.892, 0.048
1621790338.3535578, -0.08, 0.918, 0.055
1621790338.35552, -0.053, 0.908, 0.021
1621790338.3575058, -0.058, 0.918, 0.036
1621790338.3594875, -0.102, 0.917, 0.053
1621790338.3614528, -0.065, 0.896, 0.056
1621790338.3633983, -0.083, 0.916, 0.049
1621790338.3653855, -0.073, 0.914, 0.049
1621790338.3673658, -0.062, 0.91, 0.052
1621790338.369351, -0.076, 0.919, 0.07
1621790338.3716102, -0.068, 0.908, 0.047
1621790338.3736098, -0.096, 0.911, 0.016
1621790338.375625, -0.055, 0.906, 0.037
1621790338.3776188, -0.062, 0.902, 0.042
1621790338.3796449, -0.073, 0.919, 0.067
1621790338.381633, -0.073, 0.917, 0.033
1621790338.383611, -0.096, 0.912, 0.025
1621790338.3855975, -0.06, 0.908, 0.06
1621790338.3875952, -0.079, 0.912, 0.045
1621790338.3896105, -0.084, 0.914, 0.05
1621790338.39161, -0.063, 0.913, 0.065
1621790338.393625, -0.074, 0.909, 0.039
1621790338.3956056, -0.066, 0.9, 0.028
1621790338.397582, -0.095, 0.916, 0.039
1621790338.3995755, -0.061, 0.921, 0.055
1621790338.4015625, -0.027, 0.919, 0.044
1621790338.4035609, -0.09, 0.917, 0.038
1621790338.4055598, -0.098, 0.908, 0.044
1621790338.4075303, -0.098, 0.903, 0.052
1621790338.4094841, -0.04, 0.912, 0.075
1621790338.4114275, -0.051, 0.922, 0.046
1621790338.4134629, -0.106, 0.909, 0.027
1621790338.4154108, -0.071, 0.901, 0.042
1621790338.4172, -0.085, 0.909, 0.07
1621790338.418899, -0.049, 0.912, 0.07
1621790338.4205973, -0.033, 0.907, 0.04
1621790338.4222963, -0.085, 0.931, 0.031
1621790338.423994, -0.079, 0.893, 0.054
1621790338.425695, -0.049, 0.891, 0.065
1621790338.4273918, -0.089, 0.92, 0.051
1621790338.4290886, -0.1, 0.914, 0.053
1621790338.4307868, -0.024, 0.914, 0.031
1621790338.4324844, -0.05, 0.93, 0.037
1621790338.4341824, -0.083, 0.916, 0.047
1621790338.4358814, -0.056, 0.905, 0.042
1621790338.4375782, -0.101, 0.925, 0.024
1621790338.4392772, -0.117, 0.905, 0.057
1621790338.4409742, 0.005, 0.899, 0.051
1621790338.442671, -0.073, 0.937, 0.023
1621790338.4443684, -0.133, 0.915, 0.039
1621790338.4460833, -0.063, 0.901, 0.056
1621790338.448826, -0.121, 0.928, 0.059
1621790338.450564, -0.027, 0.879, 0.069
1621790338.452268, 0.012, 0.904, 0.025
1621790338.4539666, -0.142, 0.942, 0.001
1621790338.455669, -0.128, 0.881, 0.134
1621790338.4573689, -0.014, 0.892, 0.126
1621790338.4590693, -0.021, 0.947, -0.041
1621790338.4607682, -0.177, 0.885, 0.08
1621790338.4624662, 0.013, 0.909, 0.089
1621790338.4641628, 0.033, 0.943, -0.018
1621790338.465866, -0.165, 0.908, 0.019
1621790338.4675639, -0.081, 0.878, 0.164
1621790338.4692614, 0.015, 0.925, 0.096
1621790338.470958, -0.088, 0.944, -0.094
1621790338.472657, -0.143, 0.857, 0.142
1621790338.4743545, 0.043, 0.945, 0.062
1621790338.4760509, 0.006, 0.959, -0.085
1621790338.4777496, -0.24, 0.861, 0.068
1621790338.479449, -0.023, 0.911, 0.185
1621790338.481147, 0.077, 0.961, 0.05
1621790338.482844, -0.115, 0.906, -0.096
1621790338.4845417, -0.156, 0.869, 0.18
1621790338.4862528, 0.052, 0.973, 0.017
1621790338.488021, -0.009, 0.964, -0.133
1621790338.489766, -0.2, 0.837, 0.115
1621790338.4914882, 0.03, 0.951, 0.159
1621790338.493197, -0.035, 0.954, -0.148
1621790338.4949613, -0.186, 0.881, -0.068
1621790338.4967146, -0.12, 0.889, 0.22
1621790338.4984584, 0.05, 0.972, -0.01
1621790338.5001824, -0.17, 0.871, -0.005
1621790338.5018942, -0.185, 0.834, 0.15
1621790338.5036314, 0.04, 0.973, 0.08
1621790338.5053596, -0.088, 0.92, -0.101
1621790338.507119, -0.171, 0.834, 0.159
1621790338.50885, -0.054, 0.91, 0.182
1621790338.5105844, 0.028, 0.981, -0.1
1621790338.5123296, -0.177, 0.834, 0.025
1621790338.5140812, -0.077, 0.916, 0.198
1621790338.5158482, 0.024, 0.981, -0.043
1621790338.5177498, -0.064, 0.898, -0.057
1621790338.5197303, -0.182, 0.857, 0.126
1621790338.5217464, 0.0, 0.983, 0.076
1621790338.523727, -0.103, 0.835, 0.017
1621790338.525748, -0.117, 0.928, 0.093
1621790338.527737, -0.045, 0.955, 0.011
1621790338.5297127, -0.066, 0.858, 0.053
1621790338.5316837, -0.07, 0.934, 0.097
1621790338.5336702, -0.081, 0.945, 0.031
1621790338.535662, -0.089, 0.861, 0.024
1621790338.537664, -0.064, 0.926, 0.061
1621790338.539667, -0.094, 0.934, 0.059
1621790338.541661, -0.06, 0.885, 0.049
1621790338.5436304, -0.038, 0.922, 0.014
1621790338.5455825, -0.105, 0.927, 0.043
1621790338.5475261, -0.085, 0.893, 0.101
1621790338.5494668, -0.016, 0.931, 0.009
1621790338.5514083, -0.035, 0.929, -0.007
1621790338.553351, -0.134, 0.893, 0.05
1621790338.5552986, -0.075, 0.904, 0.103
1621790338.5572405, -0.011, 0.935, -0.001
1621790338.5591836, -0.125, 0.904, 0.042
1621790338.5611262, -0.131, 0.903, 0.1
1621790338.5630689, 0.009, 0.938, 0.032
1621790338.565011, -0.064, 0.906, 0.035
1621790338.5669522, -0.129, 0.911, 0.061
1621790338.5688956, -0.042, 0.927, 0.028
1621790338.570837, -0.037, 0.898, 0.005
1621790338.572779, -0.112, 0.914, 0.076
1621790338.5747235, -0.073, 0.926, 0.081
1621790338.576672, -0.038, 0.912, -0.003
1621790338.5786145, -0.077, 0.893, 0.041
1621790338.5805554, -0.131, 0.923, 0.073
1621790338.5824964, -0.057, 0.914, 0.059
1621790338.5856586, -0.056, 0.922, 0.048
1621790338.5876439, -0.116, 0.911, 0.073
1621790338.5895917, -0.027, 0.917, 0.023
1621790338.5915365, -0.073, 0.908, -0.001
1621790338.5934794, -0.146, 0.9, 0.089
1621790338.5954254, -0.021, 0.912, 0.081
1621790338.5973666, 0.001, 0.933, 0.0
1621790338.5993097, -0.171, 0.907, 0.026
1621790338.601252, -0.119, 0.911, 0.107
1621790338.6031947, 0.023, 0.923, 0.016
1621790338.6051373, -0.09, 0.903, 0.027
1621790338.6070786, -0.123, 0.92, 0.081
1621790338.6090252, -0.003, 0.921, 0.001
1621790338.6109684, -0.094, 0.893, 0.028
1621790338.61291, -0.134, 0.916, 0.096
1621790338.61487, -0.006, 0.934, 0.016
1621790338.616821, -0.071, 0.894, 0.022
1621790338.6188378, -0.114, 0.905, 0.098
1621790338.620835, -0.032, 0.941, 0.008
1621790338.6228197, -0.111, 0.89, 0.019
1621790338.6247778, -0.124, 0.915, 0.115
1621790338.6267362, 0.022, 0.953, 0.041
1621790338.6287243, -0.048, 0.893, 0.014
1621790338.6307085, -0.164, 0.899, 0.057
1621790338.632675, -0.039, 0.944, 0.024
1621790338.6346698, -0.048, 0.888, 0.043
1621790338.6366384, -0.113, 0.9, 0.083
1621790338.6386209, -0.007, 0.954, 0.007
1621790338.6406298, -0.099, 0.889, 0.018
1621790338.6426146, -0.16, 0.892, 0.11
1621790338.644666, 0.011, 0.96, 0.042
1621790338.6466594, -0.081, 0.886, 0.016
1621790338.6486704, -0.14, 0.884, 0.094
1621790338.6506767, 0.015, 0.975, 0.044
1621790338.6526773, -0.09, 0.891, -0.002
1621790338.654718, -0.146, 0.868, 0.071
1621790338.6567512, 0.017, 0.974, 0.03
1621790338.6587355, -0.072, 0.889, 0.013
1621790338.6607256, -0.13, 0.876, 0.092
1621790338.6627083, -0.018, 0.974, 0.041
1621790338.6648002, -0.113, 0.897, 0.029
1621790338.6667922, -0.123, 0.88, 0.07
1621790338.6687763, 0.038, 0.962, 0.038
1621790338.6707635, -0.119, 0.9, 0.024
1621790338.6727476, -0.145, 0.874, 0.073
1621790338.6747582, 0.024, 0.955, 0.031
1621790338.6767306, -0.108, 0.889, 0.037
1621790338.6787064, -0.101, 0.88, 0.052
1621790338.680663, -0.005, 0.976, 0.029
1621790338.6826053, -0.134, 0.888, 0.04
1621790338.684548, -0.073, 0.878, 0.094
1621790338.686617, -0.019, 0.974, 0.044
1621790338.6885593, -0.135, 0.885, 0.017
1621790338.6905005, -0.052, 0.893, 0.056
1621790338.69244, -0.031, 0.958, 0.026
1621790338.6943798, -0.122, 0.874, 0.056
1621790338.6963222, -0.062, 0.912, 0.062
1621790338.698262, -0.043, 0.955, 0.01
1621790338.7002022, -0.092, 0.862, 0.052
1621790338.7021456, -0.082, 0.92, 0.074
1621790338.7040854, -0.063, 0.943, 0.032
1621790338.7060297, -0.104, 0.885, 0.045
1621790338.7079694, -0.044, 0.92, 0.043
1621790338.7099082, -0.046, 0.921, 0.022
1621790338.7118456, -0.136, 0.896, 0.057
1621790338.7137842, -0.048, 0.926, 0.054
1621790338.7157273, -0.035, 0.927, 0.031
1621790338.7176473, -0.08, 0.912, 0.065
1621790338.7204034, -0.049, 0.921, 0.052
1621790338.722141, -0.07, 0.924, 0.04
1621790338.723843, -0.094, 0.885, 0.053
1621790338.725546, -0.05, 0.892, 0.064
1621790338.7272449, -0.065, 0.941, 0.041
1621790338.7289407, -0.106, 0.903, 0.042
1621790338.7306368, -0.053, 0.914, 0.059
1621790338.732332, -0.047, 0.93, 0.053
1621790338.7340255, -0.094, 0.912, 0.041
1621790338.7357333, -0.082, 0.902, 0.047
1621790338.737429, -0.085, 0.925, 0.042
1621790338.7391238, -0.072, 0.918, 0.049
1621790338.7408173, -0.058, 0.903, 0.075
1621790338.7425113, -0.064, 0.931, 0.031
1621790338.7442055, -0.063, 0.942, 0.042
1621790338.7459023, -0.084, 0.902, 0.049
1621790338.7478213, -0.078, 0.912, 0.046
1621790338.7495298, -0.031, 0.917, 0.032
1621790338.751227, -0.061, 0.916, 0.048
1621790338.7529235, -0.12, 0.902, 0.042
1621790338.7546515, -0.056, 0.917, 0.053
1621790338.7563474, -0.072, 0.917, 0.044
1621790338.7580423, -0.084, 0.906, 0.029
1621790338.759737, -0.058, 0.916, 0.027
1621790338.7614322, -0.103, 0.93, 0.032
1621790338.7631278, -0.112, 0.91, 0.028
1621790338.7648265, -0.046, 0.893, 0.074
1621790338.766522, -0.073, 0.928, 0.067
1621790338.7682269, -0.071, 0.923, 0.016
1621790338.7699237, -0.061, 0.899, 0.007
1621790338.7716193, -0.09, 0.911, 0.063
1621790338.773314, -0.088, 0.917, 0.096
1621790338.7750623, -0.053, 0.908, 0.085
1621790338.7768023, -0.061, 0.928, 0.038
1621790338.7785952, -0.116, 0.917, 0.048
1621790338.7803507, -0.028, 0.899, 0.042
1621790338.7820837, -0.087, 0.927, 0.049
1621790338.7837899, -0.119, 0.922, 0.052
1621790338.7855473, -0.055, 0.895, 0.052
1621790338.7872972, -0.06, 0.922, 0.013
1621790338.7890248, -0.1, 0.903, 0.041
1621790338.7907238, -0.052, 0.874, 0.042
1621790338.7928092, -0.064, 0.927, 0.002
1621790338.7945366, -0.13, 0.906, 0.032
1621790338.7962708, -0.037, 0.891, 0.062
1621790338.7980046, -0.072, 0.944, 0.058
1621790338.7997282, -0.119, 0.933, 0.064
1621790338.8014553, -0.064, 0.885, 0.079
1621790338.8031857, -0.059, 0.946, 0.037
1621790338.8055632, -0.094, 0.909, 0.075
1621790338.8073022, -0.015, 0.899, 0.058
1621790338.8090308, -0.078, 0.944, -0.008
1621790338.810775, -0.117, 0.892, 0.062
1621790338.8125088, -0.054, 0.875, 0.093
1621790338.8142786, -0.035, 0.945, 0.003
1621790338.8160262, -0.141, 0.903, 0.0
1621790338.8178697, -0.072, 0.884, 0.084
1621790338.8198433, -0.074, 0.939, 0.018
1621790338.8218098, -0.095, 0.89, 0.049
1621790338.8238046, -0.057, 0.912, 0.081
1621790338.825813, -0.116, 0.931, 0.035
1621790338.8278196, -0.044, 0.885, 0.057
1621790338.82981, -0.021, 0.929, 0.031
1621790338.8329897, -0.107, 0.9, 0.063
1621790338.8349957, -0.034, 0.916, 0.082
1621790338.8369439, -0.071, 0.937, 0.018
1621790338.8388872, -0.082, 0.888, 0.055
1621790338.840827, -0.065, 0.926, 0.036
1621790338.8427658, -0.127, 0.918, 0.018
1621790338.8447084, -0.062, 0.897, 0.091
1621790338.8466475, -0.027, 0.934, 0.048
1621790338.8485863, -0.121, 0.903, 0.014
1621790338.8505256, -0.067, 0.897, 0.06
1621790338.852464, -0.035, 0.921, 0.014
1621790338.8544023, -0.122, 0.898, 0.068
1621790338.8563485, -0.046, 0.916, 0.089
1621790338.8582883, -0.012, 0.931, -0.024
1621790338.8602273, -0.178, 0.884, 0.054
1621790338.8621655, -0.049, 0.914, 0.139
1621790338.8641038, 0.023, 0.956, 0.033
1621790338.8660445, -0.095, 0.923, -0.026
1621790338.8679836, -0.148, 0.883, 0.144
1621790338.8699229, 0.052, 0.952, 0.028
1621790338.871861, -0.087, 0.894, -0.062
1621790338.873799, -0.207, 0.876, 0.129
1621790338.8757558, 0.007, 0.952, 0.069
1621790338.8776944, 0.007, 0.904, -0.055
1621790338.8796327, -0.177, 0.882, 0.09
1621790338.8815708, -0.086, 0.941, 0.109
1621790338.8835227, -0.004, 0.909, -0.027
1621790338.8854673, -0.132, 0.885, 0.068
1621790338.8874063, -0.087, 0.951, 0.115
1621790338.8893456, -0.002, 0.914, -0.022
1621790338.8912842, -0.087, 0.881, 0.012
1621790338.8932226, -0.121, 0.935, 0.076
1621790338.8951643, -0.053, 0.914, 0.052
1621790338.897102, -0.024, 0.893, 0.018
1621790338.8990407, -0.097, 0.94, 0.038
1621790338.900978, -0.132, 0.904, 0.103
1621790338.902916, -0.012, 0.896, 0.038
1621790338.9048557, -0.06, 0.937, -0.001
1621790338.9067967, -0.181, 0.895, 0.075
1621790338.9087355, -0.035, 0.903, 0.089
1621790338.910673, 0.029, 0.94, 0.012
1621790338.9126103, -0.061, 0.928, 0.0
1621790338.9145496, -0.118, 0.895, 0.083
1621790338.9165838, -0.009, 0.931, 0.044
1621790338.9185276, -0.002, 0.911, 0.011
1621790338.9204702, -0.148, 0.892, 0.08
1621790338.9224126, -0.069, 0.932, 0.081
1621790338.9243543, -0.009, 0.922, -0.01
1621790338.9262989, -0.116, 0.894, 0.05
1621790338.9282403, -0.13, 0.921, 0.105
1621790338.9301832, -0.011, 0.914, 0.016
1621790338.9321244, -0.056, 0.906, 0.024
1621790338.9340658, -0.125, 0.917, 0.086
1621790338.936018, -0.043, 0.909, 0.023
1621790338.9380333, -0.052, 0.904, 0.019
1621790338.9400313, -0.119, 0.916, 0.062
1621790338.941995, -0.055, 0.922, 0.074
1621790338.9439478, -0.02, 0.909, 0.057
1621790338.9459338, -0.092, 0.917, 0.012
1621790338.9479363, -0.127, 0.914, 0.03
1621790338.9499424, -0.053, 0.897, 0.075
1621790338.9530911, -0.077, 0.921, 0.055
1621790338.9551315, -0.068, 0.914, 0.012
1621790338.9571135, -0.074, 0.904, 0.027
1621790338.9590802, -0.105, 0.911, 0.065
1621790338.9610567, -0.054, 0.917, 0.061
1621790338.9632626, -0.084, 0.923, 0.029
1621790338.9652703, -0.061, 0.914, 0.034
1621790338.967254, -0.058, 0.914, 0.047
1621790338.9692235, -0.126, 0.911, 0.034
1621790338.9711998, -0.079, 0.907, 0.043
1621790338.973197, -0.024, 0.921, 0.051
1621790338.9754505, -0.071, 0.903, 0.045
1621790338.977441, -0.094, 0.92, 0.034
1621790338.9794219, -0.083, 0.918, 0.023
1621790338.9814055, -0.098, 0.896, 0.064
1621790338.9833949, -0.04, 0.924, 0.062
1621790338.985417, -0.027, 0.918, 0.04
1621790338.9873953, -0.132, 0.904, 0.042
1621790338.989372, -0.091, 0.917, 0.025
1621790338.9913647, -0.029, 0.913, 0.058
1621790338.9933636, -0.099, 0.903, 0.06
1621790338.995342, -0.051, 0.923, 0.017
1621790338.9973092, -0.048, 0.921, 0.027
1621790338.999263, -0.136, 0.885, 0.075
1621790339.001204, -0.036, 0.922, 0.054
1621790339.003144, -0.083, 0.944, 0.008
1621790339.0051622, -0.103, 0.883, 0.064
1621790339.00711, -0.02, 0.928, 0.07
1621790339.0090518, -0.08, 0.931, 0.04
1621790339.010991, -0.139, 0.883, 0.028
1621790339.0129306, -0.02, 0.927, 0.049
1621790339.0148723, -0.073, 0.916, 0.058
1621790339.0168962, -0.087, 0.884, 0.057
1621790339.0188398, -0.055, 0.951, 0.035
1621790339.0206296, -0.11, 0.896, 0.031
1621790339.0223262, -0.106, 0.875, 0.043
1621790339.0240219, -0.017, 0.921, 0.055
1621790339.0257204, -0.084, 0.933, 0.03
1621790339.0274153, -0.082, 0.873, 0.025
1621790339.0291107, -0.059, 0.891, 0.034
1621790339.0308068, -0.096, 0.942, 0.084
1621790339.0325065, -0.082, 0.888, 0.082
1621790339.0342011, -0.036, 0.898, 0.064
1621790339.0358982, -0.05, 0.957, 0.02
1621790339.037593, -0.119, 0.887, 0.036
1621790339.0392876, -0.05, 0.913, 0.084
1621790339.040982, -0.04, 0.95, 0.09
1621790339.042676, -0.085, 0.913, 0.003
1621790339.0443711, -0.062, 0.885, 0.022
1621790339.0460815, -0.069, 0.92, 0.051
1621790339.047779, -0.094, 0.923, 0.037
1621790339.0494733, -0.059, 0.891, 0.054
1621790339.051168, -0.093, 0.938, 0.041
1621790339.0528617, -0.097, 0.928, 0.026
1621790339.0545874, -0.032, 0.882, 0.021
1621790339.0562875, -0.082, 0.919, 0.056
1621790339.057983, -0.102, 0.932, 0.055
1621790339.0596774, -0.103, 0.902, 0.042
1621790339.0624154, -0.086, 0.916, 0.06
1621790339.0641472, -0.045, 0.91, 0.077
1621790339.0658503, -0.043, 0.917, 0.086
1621790339.0675473, -0.104, 0.939, 0.048
1621790339.0692437, -0.056, 0.895, 0.02
1621790339.070939, -0.054, 0.906, 0.03
1621790339.0726352, -0.082, 0.917, 0.012
1621790339.0743299, -0.07, 0.885, 0.028
1621790339.076033, -0.09, 0.908, 0.006
1621790339.0777287, -0.105, 0.919, 0.024
1621790339.0794234, -0.081, 0.899, 0.071
1621790339.0811188, -0.087, 0.924, 0.072
1621790339.0828133, -0.09, 0.94, 0.087
1621790339.0845077, -0.064, 0.928, 0.088
1621790339.08621, -0.075, 0.906, 0.059
1621790339.0879087, -0.043, 0.916, 0.037
1621790339.0896068, -0.037, 0.913, 0.036
1621790339.0913045, -0.094, 0.897, 0.003
1621790339.0930014, -0.06, 0.903, 0.009
1621790339.0947018, -0.046, 0.914, 0.025
1621790339.0963998, -0.076, 0.915, 0.031
1621790339.0980968, -0.086, 0.916, 0.061
1621790339.099794, -0.086, 0.93, 0.056
1621790339.1014917, -0.102, 0.921, 0.043
1621790339.1031892, -0.09, 0.896, 0.069
1621790339.1048965, -0.062, 0.902, 0.064
1621790339.1066525, -0.081, 0.923, 0.027
1621790339.1084383, -0.075, 0.903, 0.014
1621790339.1102135, -0.058, 0.906, 0.042
1621790339.1119268, -0.049, 0.93, 0.056
1621790339.1136339, -0.053, 0.917, 0.057
1621790339.1154227, -0.068, 0.919, 0.061
1621790339.117544, -0.071, 0.911, 0.052
1621790339.1192951, -0.079, 0.901, 0.049
1621790339.1212091, -0.088, 0.904, 0.032
1621790339.1231859, -0.081, 0.917, 0.027
1621790339.1251774, -0.101, 0.918, 0.061
1621790339.1271687, -0.062, 0.917, 0.071
1621790339.1291482, -0.031, 0.919, 0.023
1621790339.1312115, -0.084, 0.904, 0.023
1621790339.1331935, -0.089, 0.906, 0.047
1621790339.1351776, -0.051, 0.913, 0.061
1621790339.1371682, -0.076, 0.902, 0.054
1621790339.139141, -0.034, 0.912, 0.041
1621790339.1411238, -0.12, 0.927, 0.029
1621790339.1434362, -0.06, 0.903, 0.078
1621790339.1454237, -0.08, 0.93, 0.076
1621790339.147399, -0.096, 0.91, 0.036
1621790339.1493843, -0.033, 0.917, 0.034
1621790339.151356, -0.1, 0.921, 0.035
1621790339.153333, -0.037, 0.896, 0.029
1621790339.1553187, -0.069, 0.93, 0.019
1621790339.1573038, -0.11, 0.893, 0.062
1621790339.1593275, -0.008, 0.9, 0.065
1621790339.1613333, -0.087, 0.929, 0.037
1621790339.163326, -0.158, 0.889, 0.061
1621790339.1652992, -0.038, 0.923, 0.051
1621790339.1684325, -0.122, 0.9, 0.087
1621790339.1704154, -0.024, 0.909, 0.04
1621790339.1723602, -0.06, 0.942, -0.017
1621790339.1743035, -0.156, 0.865, 0.06
1621790339.1762466, 0.003, 0.927, 0.079
1621790339.178185, -0.039, 0.943, 0.017
1621790339.1801238, -0.146, 0.859, 0.059
1621790339.1820626, -0.013, 0.952, 0.039
1621790339.1840014, -0.08, 0.923, 0.003
1621790339.1859438, -0.169, 0.856, 0.101
1621790339.1878853, 0.011, 0.963, 0.047
1621790339.1898243, -0.075, 0.908, -0.012
1621790339.1917636, -0.156, 0.858, 0.109
1621790339.1937022, 0.025, 0.967, 0.058
1621790339.195643, -0.11, 0.902, -0.023
1621790339.1975822, -0.183, 0.852, 0.056
1621790339.1995213, -0.012, 0.943, 0.067
1621790339.2014592, 0.021, 0.948, -0.017
1621790339.203399, -0.195, 0.838, 0.086
1621790339.2053392, -0.05, 0.967, 0.066
1621790339.2072778, -0.02, 0.932, -0.013
1621790339.209216, -0.172, 0.843, 0.112
1621790339.2111554, -0.005, 0.969, 0.081
1621790339.213094, -0.035, 0.924, -0.049
1621790339.2150476, -0.207, 0.836, 0.081
1621790339.2169907, -0.009, 0.979, 0.108
1621790339.219084, 0.012, 0.92, -0.024
1621790339.221027, -0.17, 0.843, 0.05
1621790339.2228165, -0.046, 0.972, 0.084
1621790339.2245142, -0.02, 0.92, 0.0
1621790339.226214, -0.094, 0.848, 0.037
1621790339.22791, -0.131, 0.906, 0.092
1621790339.2296064, -0.011, 0.981, -0.002
1621790339.2313027, -0.086, 0.853, 0.029
1621790339.2329984, -0.118, 0.855, 0.086
1621790339.2346952, -0.06, 0.968, 0.098
1621790339.2363899, -0.071, 0.924, -0.001
1621790339.2380857, -0.103, 0.864, 0.022
1621790339.2397807, -0.056, 0.912, 0.07
1621790339.2414749, -0.04, 0.965, 0.038
1621790339.2431688, -0.086, 0.865, 0.019
1621790339.2448652, -0.097, 0.86, 0.048
1621790339.246559, -0.074, 0.955, 0.035
1621790339.2482533, -0.083, 0.908, 0.059
1621790339.249947, -0.073, 0.884, 0.077
1621790339.2516408, -0.043, 0.915, 0.055
1621790339.2533343, -0.106, 0.949, 0.027
1621790339.2550347, -0.106, 0.882, 0.067
1621790339.2572458, -0.021, 0.916, 0.034
1621790339.2590077, -0.072, 0.924, 0.025
1621790339.2607474, -0.115, 0.904, 0.031
1621790339.2624617, -0.08, 0.902, 0.076
1621790339.2641716, -0.01, 0.931, 0.016
1621790339.2659197, -0.083, 0.905, 0.041
1621790339.2676578, -0.12, 0.896, 0.064
1621790339.2693808, -0.081, 0.923, 0.065
1621790339.2722733, -0.056, 0.908, 0.054
1621790339.2740746, -0.108, 0.91, 0.077
1621790339.2758334, -0.05, 0.925, 0.021
1621790339.2775795, -0.035, 0.919, -0.012
1621790339.279322, -0.111, 0.904, 0.034
1621790339.28106, -0.096, 0.908, 0.077
1621790339.2828026, -0.004, 0.923, 0.028
1621790339.2846243, -0.023, 0.907, 0.012
1621790339.2863674, -0.122, 0.906, 0.036
1621790339.2881038, -0.097, 0.916, 0.07
1621790339.2898383, -0.018, 0.92, 0.037
1621790339.2915812, -0.037, 0.903, 0.063
1621790339.293344, -0.12, 0.92, 0.054
1621790339.295087, -0.062, 0.921, 0.027
1621790339.2968261, -0.027, 0.895, 0.038
1621790339.2985837, -0.125, 0.916, 0.062
1621790339.300337, -0.124, 0.918, 0.075
1621790339.3020725, -0.029, 0.917, 0.011
1621790339.3038156, -0.064, 0.901, 0.044
1621790339.3055751, -0.119, 0.918, 0.078
1621790339.3072984, -0.063, 0.92, 0.058
1621790339.3090262, -0.041, 0.899, 0.006
1621790339.310743, -0.14, 0.903, 0.044
1621790339.312445, -0.082, 0.925, 0.084
1621790339.3141437, -0.008, 0.933, 0.04
1621790339.3158524, -0.028, 0.896, 0.052
1621790339.3175554, -0.156, 0.915, 0.052
1621790339.3192852, -0.129, 0.916, 0.051
1621790339.320985, -0.02, 0.919, 0.035
1621790339.3226848, -0.081, 0.901, 0.075
1621790339.3243816, -0.089, 0.912, 0.049
1621790339.326081, -0.046, 0.94, 0.004
1621790339.32778, -0.047, 0.882, 0.039
1621790339.3294778, -0.139, 0.907, 0.074
1621790339.3311753, -0.091, 0.917, 0.053
1621790339.3328738, -0.015, 0.934, 0.014
1621790339.3346698, -0.143, 0.88, 0.048
1621790339.3363736, -0.073, 0.92, 0.062
1621790339.338072, 0.006, 0.955, 0.015
1621790339.3397686, -0.058, 0.897, 0.027
1621790339.3414664, -0.184, 0.88, 0.087
1621790339.3431647, 0.002, 0.971, 0.02
1621790339.344863, 0.025, 0.941, 0.015
1621790339.34656, -0.12, 0.873, 0.072
1621790339.348257, -0.101, 0.932, 0.079
1621790339.3499544, -0.04, 0.976, 0.053
1621790339.3516574, -0.058, 0.903, 0.06
1621790339.3533566, -0.098, 0.882, 0.059
1621790339.3550575, -0.019, 0.954, 0.002
1621790339.356756, -0.048, 0.925, 0.006
1621790339.3584533, -0.131, 0.862, 0.068
1621790339.360151, -0.043, 0.926, 0.007
1621790339.3618479, -0.003, 0.951, -0.011
1621790339.3635452, -0.124, 0.89, 0.073
1621790339.3652549, -0.114, 0.891, 0.059
1621790339.3669574, 0.015, 0.959, 0.012
1621790339.3686569, -0.034, 0.947, 0.045
1621790339.3703566, -0.155, 0.867, 0.096
1621790339.373104, 0.01, 0.975, 0.026
1621790339.3748386, -0.115, 0.883, 0.027
1621790339.3765445, -0.133, 0.858, 0.037
1621790339.3782456, -0.016, 0.929, 0.042
1621790339.379944, -0.086, 0.923, 0.047
1621790339.3816433, -0.136, 0.887, 0.069
1621790339.383342, -0.065, 0.916, 0.081
1621790339.3850434, -0.037, 0.96, 0.037
1621790339.386741, -0.106, 0.871, 0.062
1621790339.388439, -0.094, 0.873, 0.054
1621790339.3901424, -0.055, 0.952, 0.016
1621790339.391842, -0.093, 0.895, 0.031
1621790339.3935397, -0.097, 0.862, 0.04
1621790339.3952386, -0.022, 0.93, 0.048
1621790339.396937, -0.05, 0.929, 0.004
1621790339.398635, -0.126, 0.883, 0.047
1621790339.4003322, -0.109, 0.899, 0.068
1621790339.40203, -0.048, 0.944, 0.071
1621790339.403727, -0.083, 0.896, 0.072
1621790339.4054313, -0.089, 0.891, 0.07
1621790339.407133, -0.052, 0.942, 0.049
1621790339.408835, -0.102, 0.91, 0.036
1621790339.4105363, -0.077, 0.886, 0.059
1621790339.4122365, -0.035, 0.913, 0.058
1621790339.4139378, -0.084, 0.927, 0.022
1621790339.415647, -0.085, 0.897, 0.054
1621790339.4173985, -0.017, 0.932, 0.036
1621790339.4191911, -0.046, 0.929, 0.032
1621790339.4210832, -0.13, 0.89, 0.052
1621790339.4228024, -0.078, 0.912, 0.066
1621790339.4247253, -0.05, 0.936, 0.018
1621790339.4267335, -0.07, 0.891, 0.058
1621790339.4287353, -0.083, 0.925, 0.079
1621790339.430708, -0.087, 0.921, 0.03
1621790339.4326613, -0.084, 0.889, 0.06
1621790339.4346933, -0.054, 0.917, 0.047
1621790339.4366865, -0.027, 0.923, 0.006
1621790339.4386718, -0.115, 0.905, 0.031
1621790339.4406836, -0.056, 0.931, 0.07
1621790339.4426644, -0.054, 0.916, 0.048
1621790339.4447083, -0.094, 0.892, 0.045
1621790339.4466906, -0.062, 0.915, 0.041
1621790339.4487069, -0.112, 0.922, 0.053
1621790339.450692, -0.051, 0.898, 0.074
1621790339.4526718, -0.06, 0.935, 0.041
1621790339.454688, -0.092, 0.904, 0.029
1621790339.4566915, -0.047, 0.887, 0.036
1621790339.458694, -0.115, 0.929, 0.045
1621790339.4606786, -0.037, 0.898, 0.061
1621790339.4626906, -0.065, 0.922, -0.003
1621790339.4647064, -0.118, 0.919, 0.045
1621790339.4666924, 0.0, 0.906, 0.076
1621790339.4686775, -0.094, 0.935, 0.05
1621790339.4706588, -0.083, 0.911, 0.062
1621790339.4726653, -0.06, 0.908, 0.027
1621790339.4746876, -0.133, 0.892, 0.056
1621790339.4778678, -0.062, 0.947, 0.034
1621790339.479879, -0.119, 0.905, 0.025
1621790339.481832, 0.008, 0.905, 0.027
1621790339.4837766, -0.107, 0.925, 0.022
1621790339.4860249, -0.103, 0.875, 0.082
1621790339.4879813, -0.03, 0.943, 0.058
1621790339.489926, -0.091, 0.921, 0.029
1621790339.4918694, -0.052, 0.887, 0.058
1621790339.4938126, -0.065, 0.951, 0.037
1621790339.495758, -0.144, 0.896, 0.033
1621790339.497702, -0.019, 0.906, 0.082
1621790339.499643, -0.064, 0.942, 0.059
1621790339.5015855, -0.082, 0.885, 0.053
1621790339.5035274, -0.049, 0.928, 0.011
1621790339.505471, -0.134, 0.913, 0.037
1621790339.507412, -0.064, 0.88, 0.082
1621790339.5093522, 0.015, 0.916, 0.075
1621790339.5112925, -0.073, 0.944, 0.004
1621790339.5132332, -0.135, 0.864, 0.031
1621790339.5151806, -0.034, 0.938, 0.07
1621790339.5171244, -0.098, 0.917, 0.051
1621790339.519066, -0.079, 0.896, 0.074
1621790339.521158, -0.019, 0.965, 0.012
1621790339.5231018, -0.114, 0.893, 0.021
1621790339.52488, -0.061, 0.891, 0.088
1621790339.5265782, -0.056, 0.954, 0.031
1621790339.5282755, -0.144, 0.868, 0.043
1621790339.529973, -0.076, 0.865, 0.061
1621790339.5316715, 0.003, 0.948, 0.047
1621790339.5333676, -0.135, 0.908, 0.024
1621790339.5350797, -0.135, 0.872, 0.035
1621790339.536779, -0.058, 0.929, 0.054
1621790339.5384762, -0.087, 0.927, 0.026
1621790339.540173, -0.058, 0.882, 0.077
1621790339.54187, -0.012, 0.918, 0.078
1621790339.5435674, -0.069, 0.953, -0.007
1621790339.5452673, -0.148, 0.862, 0.06
1621790339.5469644, -0.086, 0.884, 0.076
1621790339.548661, 0.001, 0.949, 0.068
1621790339.5503578, -0.111, 0.89, 0.031
1621790339.5520563, -0.084, 0.902, 0.044
1621790339.553753, -0.017, 0.949, 0.023
1621790339.5554516, -0.093, 0.918, 0.018
1621790339.5571485, -0.136, 0.876, 0.119
1621790339.5588462, -0.052, 0.927, 0.094
1621790339.5605433, -0.001, 0.942, -0.013
1621790339.5622416, -0.168, 0.866, 0.044
1621790339.5639381, -0.034, 0.93, 0.095
1621790339.5656426, 0.04, 0.966, 0.016
1621790339.5673437, -0.109, 0.89, 0.0
1621790339.5690448, -0.156, 0.886, 0.096
1621790339.570747, 0.061, 0.971, 0.012
1621790339.5724463, 0.037, 0.933, -0.02
1621790339.5741477, -0.178, 0.861, 0.09
1621790339.575848, -0.099, 0.951, 0.103
1621790339.5775492, -0.01, 0.971, 0.021
1621790339.5802605, -0.121, 0.854, 0.077
1621790339.5820007, -0.092, 0.948, 0.086
1621790339.5837069, -0.009, 0.94, -0.024
1621790339.5854106, -0.046, 0.877, -0.01
1621790339.5871134, -0.141, 0.885, 0.086
1621790339.5888155, -0.063, 0.96, 0.074
1621790339.5905163, -0.009, 0.889, -0.0
1621790339.5922182, -0.051, 0.867, 0.009
1621790339.59392, -0.123, 0.942, 0.054
1621790339.595629, -0.083, 0.936, 0.07
1621790339.597513, -0.022, 0.881, 0.034
1621790339.599263, -0.031, 0.901, 0.031
1621790339.6009974, -0.113, 0.953, 0.036
1621790339.602712, -0.114, 0.887, 0.093
1621790339.6044273, 0.016, 0.901, 0.045
1621790339.6061733, 0.0, 0.925, 0.018
1621790339.6079261, -0.16, 0.918, 0.019
1621790339.6096454, -0.118, 0.879, 0.093
1621790339.611355, 0.047, 0.942, -0.004
1621790339.6147776, -0.18, 0.896, 0.073
1621790339.6165302, -0.07, 0.91, 0.076
1621790339.618275, 0.013, 0.938, -0.037
1621790339.6200254, -0.077, 0.897, -0.001
1621790339.621869, -0.173, 0.891, 0.121
1621790339.6236184, -0.01, 0.953, 0.083
1621790339.625566, -0.014, 0.917, -0.018
1621790339.6275516, -0.134, 0.892, 0.073
1621790339.6295362, -0.087, 0.93, 0.08
1621790339.6315143, -0.009, 0.899, -0.011
1621790339.6335192, -0.099, 0.896, 0.052
1621790339.6355085, -0.124, 0.929, 0.073
1621790339.6374874, -0.012, 0.897, 0.02
1621790339.6394691, -0.067, 0.903, 0.031
1621790339.64145, -0.16, 0.94, 0.055
1621790339.6434357, -0.04, 0.912, 0.057
1621790339.6454382, -0.013, 0.892, 0.043
1621790339.6474514, -0.119, 0.924, 0.06
1621790339.6494296, -0.093, 0.924, 0.049
1621790339.6514266, -0.014, 0.904, 0.016
1621790339.6534047, -0.088, 0.91, 0.036
1621790339.6554046, -0.091, 0.93, 0.073
1621790339.6573575, -0.016, 0.911, 0.015
1621790339.6593044, -0.113, 0.9, 0.026
1621790339.66125, -0.115, 0.915, 0.094
1621790339.6631942, -0.025, 0.913, 0.047
1621790339.6651394, -0.105, 0.904, 0.023
1621790339.6670823, -0.082, 0.923, 0.065
1621790339.6690247, -0.024, 0.92, 0.039
1621790339.6709666, -0.096, 0.895, 0.034
1621790339.672909, -0.079, 0.928, 0.051
1621790339.6748545, -0.04, 0.927, 0.02
1621790339.6767962, -0.086, 0.879, 0.069
1621790339.6787384, -0.071, 0.938, 0.069
1621790339.6806803, -0.069, 0.928, 0.017
1621790339.682622, -0.115, 0.884, 0.055
1621790339.6857975, -0.03, 0.955, 0.034
1621790339.6877878, -0.083, 0.889, 0.035
1621790339.6897383, -0.117, 0.892, 0.068
1621790339.6916828, -0.018, 0.95, 0.031
1621790339.6936262, -0.083, 0.889, 0.034
1621790339.6955705, -0.087, 0.903, 0.068
1621790339.6975126, -0.017, 0.957, 0.0
1621790339.6994555, -0.12, 0.885, 0.054
1621790339.7013986, -0.085, 0.895, 0.092
1621790339.7033398, -0.001, 0.959, 0.04
1621790339.7052968, -0.075, 0.926, -0.002
1621790339.7072403, -0.138, 0.868, 0.066
1621790339.7091827, -0.008, 0.946, 0.046
1621790339.7111247, -0.093, 0.91, 0.03
1621790339.713067, -0.114, 0.877, 0.067
1621790339.7150137, -0.011, 0.957, 0.028
1621790339.7169578, -0.105, 0.899, 0.028
1621790339.7188988, -0.079, 0.878, 0.083
1621790339.7208397, -0.024, 0.959, 0.023
1621790339.7229319, -0.147, 0.879, 0.043
1621790339.7248847, -0.049, 0.909, 0.097
1621790339.7266567, -0.026, 0.96, 0.031
1621790339.7283552, -0.127, 0.869, 0.009
1621790339.7300537, -0.104, 0.872, 0.052
1621790339.7317512, -0.046, 0.96, 0.027
1621790339.733449, -0.105, 0.892, 0.048
1621790339.7351513, -0.037, 0.895, 0.093
1621790339.7368488, -0.006, 0.939, 0.044
1621790339.7385457, -0.117, 0.917, -0.002
1621790339.740243, -0.1, 0.87, 0.071
1621790339.7419407, -0.031, 0.951, 0.077
1621790339.7436378, -0.066, 0.943, 0.038
1621790339.7453375, -0.089, 0.876, 0.045
1621790339.7470357, -0.039, 0.936, 0.049
1621790339.7487333, -0.069, 0.944, 0.035
1621790339.7504308, -0.094, 0.885, 0.061
1621790339.7521276, -0.052, 0.918, 0.079
1621790339.7538247, -0.088, 0.936, -0.007
1621790339.7555227, -0.08, 0.912, 0.019
1621790339.7572212, -0.043, 0.902, 0.08
1621790339.7589183, -0.071, 0.929, 0.052
1621790339.7606153, -0.065, 0.919, 0.049
1621790339.762316, -0.078, 0.901, 0.035
1621790339.7640135, -0.105, 0.923, 0.039
1621790339.765713, -0.035, 0.9, 0.045
1621790339.7674122, -0.029, 0.906, 0.065
1621790339.7691083, -0.099, 0.918, 0.026
1621790339.7708054, -0.078, 0.906, 0.024
1621790339.772502, -0.078, 0.915, 0.039
1621790339.7741983, -0.079, 0.912, 0.042
1621790339.77591, -0.052, 0.902, 0.044
1621790339.777661, -0.09, 0.911, 0.019
1621790339.7794154, -0.102, 0.925, 0.023
1621790339.781149, -0.051, 0.893, 0.042
1621790339.7828624, -0.092, 0.915, 0.056
1621790339.7859476, -0.051, 0.905, 0.037
1621790339.7877393, -0.091, 0.914, 0.014
1621790339.7894816, -0.05, 0.919, 0.067
1621790339.7911873, -0.035, 0.912, 0.059
1621790339.7930923, -0.086, 0.915, 0.008
1621790339.7948296, -0.082, 0.902, 0.015
1621790339.7965686, -0.083, 0.908, 0.035
1621790339.798308, -0.092, 0.909, 0.048
1621790339.8000395, -0.048, 0.908, 0.064
1621790339.801777, -0.073, 0.924, 0.039
1621790339.803519, -0.12, 0.916, 0.026
1621790339.805334, -0.051, 0.905, 0.058
1621790339.8070867, -0.056, 0.917, 0.067
1621790339.8088434, -0.076, 0.917, 0.077
1621790339.810596, -0.046, 0.912, 0.045
1621790339.812347, -0.08, 0.921, 0.007
1621790339.8140838, -0.071, 0.923, 0.036
1621790339.8158326, -0.062, 0.904, 0.051
1621790339.8175843, -0.094, 0.923, 0.038
1621790339.8193223, -0.069, 0.904, 0.052
1621790339.8210862, -0.057, 0.906, 0.042
1621790339.8228426, -0.07, 0.916, 0.048
1621790339.8246512, -0.075, 0.909, 0.039
1621790339.8264139, -0.115, 0.923, 0.041
1621790339.8281476, -0.091, 0.909, 0.055
1621790339.8298755, -0.031, 0.908, 0.072
1621790339.8315952, -0.043, 0.922, 0.031
1621790339.8332982, -0.101, 0.914, 0.036
1621790339.8350034, -0.069, 0.9, 0.033
1621790339.836703, -0.082, 0.923, 0.036
1621790339.8384016, -0.082, 0.914, 0.068
1621790339.8401, -0.008, 0.906, 0.057
1621790339.8417985, -0.045, 0.93, 0.02
1621790339.8435035, -0.131, 0.912, 0.036
1621790339.8452082, -0.034, 0.902, 0.054
1621790339.846906, -0.103, 0.93, 0.046
1621790339.8488348, -0.094, 0.894, 0.064
1621790339.8505414, -0.029, 0.907, 0.071
1621790339.8522408, -0.06, 0.953, 0.003
1621790339.8539402, -0.137, 0.871, 0.045
1621790339.8556423, -0.074, 0.882, 0.066
1621790339.8573427, -0.041, 0.94, 0.028
1621790339.8590417, -0.142, 0.896, 0.046
1621790339.8607402, -0.014, 0.892, 0.06
1621790339.8624387, 0.011, 0.928, 0.049
1621790339.8641362, -0.127, 0.933, 0.039
1621790339.865837, -0.093, 0.88, 0.042
1621790339.8675342, -0.024, 0.929, 0.049
1621790339.869232, -0.093, 0.947, 0.035
1621790339.8709285, -0.105, 0.872, 0.084
1621790339.872626, 0.02, 0.946, 0.045
1621790339.8743222, -0.027, 0.96, -0.011
1621790339.876047, -0.204, 0.869, 0.051
1621790339.8777497, -0.031, 0.913, 0.082
1621790339.8794484, 0.037, 0.953, 0.056
1621790339.8811493, -0.107, 0.903, 0.026
1621790339.8828514, -0.122, 0.882, 0.044
1621790339.8845851, 0.004, 0.953, 0.031
1621790339.8878198, -0.161, 0.846, 0.134
1621790339.8895586, 0.04, 0.98, 0.058
1621790339.8912616, 0.052, 0.969, -0.019
1621790339.8929632, -0.183, 0.859, 0.026
1621790339.8946755, -0.08, 0.915, 0.09
1621790339.8963747, 0.045, 0.959, 0.002
1621790339.8980732, -0.077, 0.905, -0.024
1621790339.8997712, -0.172, 0.853, 0.101
1621790339.9014697, 0.038, 0.988, 0.052
1621790339.9031656, 0.024, 0.95, 0.018
1621790339.9048657, -0.181, 0.863, 0.093
1621790339.906564, -0.045, 0.949, 0.077
1621790339.9082618, -0.023, 0.935, -0.041
1621790339.9099605, -0.115, 0.866, -0.002
1621790339.9116595, -0.118, 0.859, 0.105
1621790339.9133563, 0.036, 0.99, -0.007
1621790339.9150548, -0.035, 0.92, -0.023
1621790339.916753, -0.183, 0.85, 0.09
1621790339.9184506, -0.017, 0.981, 0.078
1621790339.9201474, -0.021, 0.917, 0.003
1621790339.921845, -0.106, 0.863, 0.049
1621790339.923672, -0.134, 0.904, 0.094
1621790339.9253738, 0.002, 0.97, -0.0
1621790339.9272366, -0.09, 0.85, 0.047
1621790339.9291794, -0.092, 0.92, 0.078
1621790339.9311228, -0.022, 0.952, 0.001
1621790339.9330685, -0.093, 0.86, 0.026
1621790339.9350193, -0.082, 0.933, 0.077
1621790339.9369624, -0.06, 0.94, 0.038
1621790339.938904, -0.106, 0.86, 0.057
1621790339.9408455, -0.063, 0.923, 0.065
1621790339.9427865, -0.052, 0.964, 0.022
1621790339.9448063, -0.078, 0.875, 0.054
1621790339.9468217, -0.045, 0.923, 0.056
1621790339.9488566, -0.099, 0.926, 0.016
1621790339.9508867, -0.062, 0.879, 0.078
1621790339.9528465, -0.004, 0.942, 0.035
1621790339.954809, -0.106, 0.918, 0.004
1621790339.9568474, -0.123, 0.876, 0.085
1621790339.9588392, -0.029, 0.936, 0.053
1621790339.9608161, -0.064, 0.911, 0.047
1621790339.9627652, -0.125, 0.903, 0.054
1621790339.9649415, -0.061, 0.925, 0.026
1621790339.966941, -0.067, 0.901, 0.024
1621790339.9689198, -0.087, 0.912, 0.083
1621790339.970934, -0.058, 0.924, 0.059
1621790339.9729307, -0.041, 0.913, 0.008
1621790339.9749107, -0.096, 0.91, 0.069
1621790339.9768872, -0.086, 0.917, 0.049
1621790339.9788673, -0.043, 0.904, 0.026
1621790339.9808545, -0.086, 0.912, 0.031
1621790339.982839, -0.106, 0.913, 0.061
1621790339.9848895, -0.05, 0.914, 0.084
1621790339.98689, -0.045, 0.923, 0.006
1621790339.9888716, -0.107, 0.91, 0.011
1621790339.9908528, -0.112, 0.905, 0.06
1621790339.9940262, -0.011, 0.913, 0.057
1621790339.9960585, -0.109, 0.929, 0.056
1621790339.9980702, -0.094, 0.913, 0.046
1621790340.0000532, -0.017, 0.918, 0.014
1621790340.0020416, -0.098, 0.902, 0.068
1621790340.0040283, -0.125, 0.903, 0.069
1621790340.0060437, 0.004, 0.933, 0.012
1621790340.0080402, -0.069, 0.915, 0.028
1621790340.010008, -0.149, 0.902, 0.077
1621790340.0119748, -0.039, 0.924, 0.047
1621790340.0139208, -0.026, 0.91, 0.019
1621790340.0158713, -0.143, 0.906, 0.068
1621790340.017815, -0.036, 0.918, 0.074
1621790340.0197577, -0.015, 0.907, 0.003
1621790340.0217001, -0.172, 0.904, 0.048
1621790340.0237305, -0.084, 0.913, 0.092
1621790340.0256789, 0.024, 0.917, 0.035
1621790340.027467, -0.109, 0.909, 0.046
1621790340.0291646, -0.119, 0.926, 0.035
1621790340.030863, -0.057, 0.928, -0.001
1621790340.0325632, -0.065, 0.878, 0.053
1621790340.0342605, -0.111, 0.914, 0.108
1621790340.0359628, -0.023, 0.952, 0.019
1621790340.0376608, -0.0, 0.927, -0.003
1621790340.0393593, -0.098, 0.894, 0.044
1621790340.041071, -0.118, 0.925, 0.074
1621790340.0427728, -0.037, 0.94, 0.026
1621790340.0444715, -0.062, 0.877, 0.047
1621790340.0461726, -0.145, 0.904, 0.077
1621790340.0478723, -0.015, 0.949, 0.019
1621790340.04957, 0.01, 0.934, 0.024
1621790340.0512671, -0.126, 0.883, 0.064
1621790340.0529652, -0.123, 0.924, 0.068
1621790340.0547526, 0.009, 0.941, 0.005
1621790340.0564597, -0.024, 0.887, 0.041
1621790340.058164, -0.122, 0.893, 0.106
1621790340.059867, -0.024, 0.96, 0.001
1621790340.0615695, -0.011, 0.948, -0.011
1621790340.0632706, -0.155, 0.866, 0.048
1621790340.0649717, -0.067, 0.925, 0.088
1621790340.0666707, 0.023, 0.956, 0.022
1621790340.0683687, -0.047, 0.891, 0.01
1621790340.0700672, -0.192, 0.871, 0.106
1621790340.0717657, 0.009, 0.975, 0.02
1621790340.0734632, -0.08, 0.885, -0.01
1621790340.0751798, -0.195, 0.863, 0.085
1621790340.076885, -0.044, 0.929, 0.093
1621790340.078587, 0.054, 0.954, -0.055
1621790340.0802891, -0.081, 0.899, -0.035
1621790340.0819962, -0.191, 0.862, 0.123
1621790340.0836983, 0.08, 0.981, 0.057
1621790340.0854006, -0.145, 0.888, -0.044
1621790340.0871031, -0.207, 0.839, 0.055
1621790340.0888052, 0.011, 0.941, 0.11
1621790340.0905054, -0.022, 0.956, -0.038
1621790340.0922105, -0.18, 0.874, -0.005
1621790340.094989, 0.027, 0.968, 0.093
1621790340.096729, -0.086, 0.937, -0.035
1621790340.0984385, -0.137, 0.826, 0.126
1621790340.100144, -0.018, 0.892, 0.141
1621790340.1018474, -0.029, 1.002, -0.022
1621790340.1035514, -0.182, 0.824, 0.046
1621790340.1052558, 0.012, 0.937, 0.119
1621790340.106957, 0.046, 1.006, 0.051
1621790340.1086578, -0.134, 0.878, -0.036
1621790340.1103609, -0.11, 0.865, 0.1
1621790340.1120627, -0.019, 0.991, 0.032
1621790340.1137645, -0.063, 0.937, -0.014
1621790340.1154666, -0.123, 0.842, 0.075
1621790340.1171682, -0.048, 0.968, 0.055
1621790340.1188693, -0.042, 0.971, -0.014
1621790340.120576, -0.126, 0.846, 0.031
1621790340.1222782, -0.073, 0.924, 0.108
1621790340.1241093, -0.019, 0.95, 0.009
1621790340.12582, -0.084, 0.888, -0.017
1621790340.127986, -0.054, 0.932, 0.072
1621790340.1303024, -0.022, 0.934, 0.017
1621790340.1326027, -0.137, 0.875, 0.073
1621790340.134892, -0.026, 0.948, 0.002
1621790340.137177, -0.133, 0.882, 0.035
1621790340.1394923, -0.064, 0.904, 0.114
1621790340.1418562, -0.084, 0.936, -0.008
1621790340.1441464, -0.099, 0.869, 0.066
1621790340.1464243, -0.047, 0.946, 0.067
1621790340.1487658, -0.074, 0.874, 0.04
1621790340.1510777, -0.081, 0.93, 0.055
1621790340.1534057, -0.066, 0.932, 0.048
1621790340.1557338, -0.082, 0.917, 0.073
1621790340.1580498, -0.064, 0.938, 0.012
1621790340.1603901, -0.085, 0.887, 0.011
1621790340.1627057, -0.047, 0.914, 0.085
1621790340.1650162, -0.045, 0.918, 0.023
1621790340.1673326, -0.133, 0.906, 0.05
1621790340.169644, 0.0, 0.918, 0.025
1621790340.1719475, -0.132, 0.904, 0.036
1621790340.174259, -0.063, 0.891, 0.069
1621790340.1765716, -0.099, 0.918, 0.031
1621790340.1788845, -0.049, 0.885, 0.073
1621790340.1811981, -0.042, 0.948, 0.031
1621790340.18352, -0.093, 0.881, 0.06
1621790340.1858509, -0.025, 0.936, 0.07
1621790340.188189, -0.125, 0.918, 0.069
1621790340.19054, -0.006, 0.928, 0.028
1621790340.1928809, -0.125, 0.932, -0.002
1621790340.1951935, -0.02, 0.893, 0.056
1621790340.1974883, -0.092, 0.93, 0.012
1621790340.1997652, -0.094, 0.873, 0.028
1621790340.2020314, -0.022, 0.937, 0.046
1621790340.204297, -0.124, 0.88, 0.055
1621790340.2065668, -0.034, 0.926, 0.061
1621790340.2088304, -0.097, 0.94, 0.048
1621790340.2124436, -0.024, 0.944, 0.067
1621790340.2147615, -0.124, 0.905, 0.01
1621790340.217036, -0.006, 0.931, 0.036
1621790340.2193031, -0.076, 0.925, 0.033
1621790340.221568, -0.096, 0.888, 0.057
1621790340.2238326, -0.042, 0.954, 0.037
1621790340.2261002, -0.111, 0.879, 0.048
1621790340.2282038, -0.04, 0.924, 0.048
1621790340.229901, -0.111, 0.909, 0.017
1621790340.231819, -0.092, 0.883, 0.059
1621790340.233528, -0.043, 0.914, 0.08
1621790340.2352288, -0.057, 0.943, 0.069
1621790340.2369277, -0.1, 0.881, 0.055
1621790340.238627, -0.065, 0.906, 0.057
1621790340.2403252, -0.039, 0.938, 0.001
1621790340.2420237, -0.124, 0.874, 0.034
1621790340.2437222, -0.045, 0.933, 0.077
1621790340.2454379, -0.02, 0.951, 0.064
1621790340.247139, -0.107, 0.91, 0.051
1621790340.2488375, -0.076, 0.911, 0.047
1621790340.2505352, -0.03, 0.946, 0.06
1621790340.252232, -0.09, 0.92, 0.007
1621790340.2539291, -0.128, 0.875, 0.045
1621790340.2556305, -0.026, 0.94, 0.038
1621790340.2573287, -0.046, 0.919, 0.023
1621790340.2590268, -0.115, 0.868, 0.085
1621790340.2607243, -0.023, 0.944, 0.037